9,60000038146973
9,19999980926514
8,89999961853027
8,80000019073486
8,5
8,5
8,5
8,30000019073486
8,30000019073486
8
8
7,90000009536743
7,90000009536743
7,80000019073486
7,80000019073486
7,80000019073486
7,80000019073486
7,69999980926514
7,69999980926514
7,90000009536743
7,90000009536743
7,69999980926514
7,30000019073486
7,19999980926514
7,19999980926514
7,59999990463257
8
8,30000019073486
9,30000019073486
9,69999980926514
10,8999996185303
11,5
0
13,8000001907349
14,5
14,6999998092651
15,1999998092651
15,8000001907349
15,8000001907349
16
16,3999996185303
16,3999996185303
16,7999992370605
17,1000003814697
17,1000003814697
17
17
16,7999992370605
16,5
16,2999992370605
16,2999992370605
16,1000003814697
16,1000003814697
16,5
16,7999992370605
17,3999996185303
17,3999996185303
17,7000007629395
18,1000003814697
18,1000003814697
18,5
18,2000007629395
18,2000007629395
13,1000003814697
14,6000003814697
14,6000003814697
14,5
13,8999996185303
13,8000001907349
13,1000003814697
13,3999996185303
13
16
15,1000003814697
14,8999996185303
14,6000003814697
13,8000001907349
13,5
13,3000001907349
13
12,8999996185303
12,8999996185303
12,3999996185303
12,3999996185303
12,3000001907349
12
11,8000001907349
11,8000001907349
11,6999998092651
11,3999996185303
11,3999996185303
11,1000003814697
10,8000001907349
10,3999996185303
10,1999998092651
9,89999961853027