1,87699997425079
1,83599996566772
1,77799999713898
1,79200005531311
1,68799996376038
1,66400003433228
1,67499995231628
1,61600005626678
1,63999998569489
1,69200003147125
1,63199996948242
1,60199999809265
1,59399998188019
1,63399994373322
1,60099995136261
1,58899998664856
1,58500003814697
1,56900000572205
1,59200000762939
1,61300003528595
1,55099999904633
1,53600001335144
1,49100005626678
1,49800002574921
1,54299998283386
1,67700004577637
1,71899998188019
1,72500002384186
1,82400000095367
2,15499997138977
2,31900000572205
2,46700000762939
2,86700010299683
3,19000005722046
3,45499992370605
3,54299998283386
3,62299990653992
3,78500008583069
3,89299988746643
3,97300004959106
3,94700002670288
4,07100009918213
4,04099988937378
3,97099995613098
4,06300020217896
4,03399991989136
3,96799993515015
3,94799995422363
3,95700001716614
3,97699999809265
3,74300003051758
3,80299997329712
3,83100008964539
3,95799994468689
3,94799995422363
4,18599987030029
4,19600009918213
4,31899976730347
4,44000005722046
4,46299982070923
4,46400022506714
4,39099979400635
4,34800004959106
4,27799987792969
4,3769998550415
4,14599990844727
4,09600019454956
4,09999990463257
3,8989999294281
3,76300001144409
3,73000001907349
3,64100003242493
3,4539999961853
3,25
3,09400010108948
2,99799990653992
2,82800006866455
2,76300001144409
2,67799997329712
2,59299993515015
2,56800007820129
2,51999998092651
2,63299989700317
2,55699992179871
2,46700000762939
2,5220000743866
2,48499989509583
2,3970000743866
2,36500000953674
2,32699990272522
2,21300005912781
2,16400003433228
2,11800003051758
2,12400007247925
2,08400011062622
2,0550000667572
2,17499995231628
2,08599996566772
2,07100009918213
2,08999991416931
1,98300004005432
1,9190000295639
1,88499999046326
1,87800002098083
1,84899997711182
1,82299995422363
1,75699996948242
1,72800004482269
1,74100005626678
1,7389999628067
1,75300002098083
1,73699998855591
1,74199998378754
1,73199999332428
1,71399998664856
1,68700003623962
1,71599996089935
1,75499999523163
1,62100005149841
1,60800004005432
1,70700001716614
1,77400004863739
1,87399995326996
1,9650000333786
2,12700009346008
2,38599991798401
2,67899990081787
3,11299991607666
3,40799999237061
3,62100005149841
3,70799994468689
3,95600008964539
4,11700010299683
4,23699998855591
4,31799983978271
4,34200000762939
4,38500022888184
4,57000017166138
4,46000003814697
4,44899988174438
4,46799993515015
4,47700023651123
4,34700012207031
4,42500019073486
4,37099981307983
4,28999996185303
4,19600009918213
4,16499996185303
4,29400014877319
4,3439998626709
4,44700002670288
4,51599979400635
4,61899995803833
4,82200002670288
4,91200017929077
4,80200004577637
4,85500001907349
4,7810001373291
4,68100023269653
4,82600021362305
4,79500007629395
4,51900005340576
4,53399991989136
4,3600001335144
4,18900012969971
4,09899997711182
4,11800003051758
4,04500007629395
3,81699991226196
3,46300005912781
3,30299997329712
3,24799990653992
3,04699993133545
2,92300009727478
2,86899995803833
2,85400009155273
2,83299994468689
2,69400000572205
2,73799991607666
2,70900011062622
2,65000009536743
2,6029999256134
2,63599991798401
2,62599992752075
2,56800007820129
2,50799989700317
2,40400004386902
2,44899988174438
2,40499997138977
2,34599995613098
2,30699992179871
2,15599989891052
1,85399997234345
1,76699995994568
1,74366664886475
1,72033333778381
1,69700002670288
1,73699998855591
1,71399998664856
1,68900001049042
1,6690000295639
1,66499996185303
1,65199995040894
1,5809999704361
1,63100004196167
1,66100001335144
1,69500005245209
1,64600002765656
1,56299996376038
1,5789999961853
1,61699998378754
1,57500004768372
1,56599998474121
1,60699999332428
1,55200004577637
1,48199999332428
1,51699995994568
1,57700002193451
1,7610000371933
1,84300005435944
1,93900001049042
2,19000005722046
2,43799996376038
2,92300009727478
3,0789999961853
3,30999994277954
3,52900004386902
3,66000008583069
3,81299996376038
3,89299988746643
4,01300001144409
4,02699995040894
3,95499992370605
3,83999991416931
3,87700009346008
3,96600008010864
4,05800008773804
4,02199983596802
4,03999996185303
4,03599977493286
3,88499999046326
3,81800007820129
3,80399990081787
3,98099994659424
3,94400000572205
4,03200006484985
3,99900007247925
4,05499982833862
4,27500009536743
4,31500005722046
4,38100004196167
4,38500022888184
4,46799993515015
4,40799999237061
4,34800004959106
4,29699993133545
4,29699993133545
4,05299997329712
4,08099985122681
3,98900008201599
3,91400003433228
3,79900002479553
3,80999994277954
3,72699999809265
3,50300002098084
3,1489999294281
3,06900000572205
2,95000004768372
2,88299989700317
2,79699993133545
2,74200010299683
2,67000007629395
2,6340000629425
2,61400008201599
2,62299990653992
2,57999992370605
2,56500005722046
2,56800007820129
2,4210000038147
2,31100010871887
2,33899998664856
2,25
2,125
2,10899996757507
2,08999991416931
2,01699995994568
2,02999997138977
1,99399995803833
2,09599995613098
2,01900005340576
1,99000000953674
1,97699999809265
1,8289999961853
1,87100005149841
1,807000041008
1,76699995994568
1,76699995994568
1,77900004386902
1,82400000095367
1,7960000038147
1,807000041008
1,81200003623962
1,79499995708466
1,76499998569489
1,72500002384186
1,72500002384186
1,72300004959106
1,72300004959106
1,70899999141693
1,73399996757507
1,62199997901917
1,63100004196167
1,65600001811981
1,85000002384186
1,88300001621246
2,00600004196167
2,18300008773804
2,32800006866455
2,65100002288818
2,85199999809265
3,32500004768372
3,50099992752075
3,72199988365173
3,89599990844727
4,07800006866455
4,21999979019165
4,23699998855591
4,30999994277954
4,36100006103516
4,46999979019165
4,49300003051758
4,4689998626709
4,51700019836426
4,48999977111816
4,40899991989136
4,38500022888184
4,37400007247925
4,26700019836426
4,2020001411438
4,13100004196167
4,18400001525879
4,36800003051758
4,45300006866455
4,48299980163574
4,56500005722046
4,67500019073486
4,70300006866455
4,75899982452393
4,79400014877319
4,61999988555908
4,61600017547607
4,57200002670288
4,60900020599365
4,52299976348877
4,39099979400635
4,40799999237061
4,20499992370605
4,06500005722046
4,01900005340576
3,96300005912781
3,85999989509583
3,57699990272522
3,3510000705719
3,25399994850159
3,12299990653992
3,04500007629395
2,94400000572205
2,92499995231628
2,88499999046326
2,80100011825562
2,76999998092651
2,75200009346008
2,69199991226196
2,80100011825562
2,69899988174438
2,68799996376038
2,63299989700317
2,53099989891052
2,49600005149841
2,45900011062622
2,40700006484985
2,3199999332428
2,20700001716614
2,17899990081787
2,0220000743866
1,94500005245209