1,76600003242493
1,68400001525879
1,64600002765656
1,59800004959106
1,59800004959106
1,567999958992
1,55799996852875
1,52100002765656
1,50600004196167
1,48399996757507
1,49399995803833
1,48199999332428
1,49399995803833
1,46899998188019
1,45899999141693
1,48399996757507
1,4889999628067
1,50699996948242
1,48800003528595
1,47300004959106
1,48000001907349
1,49000000953674
1,51600003242493
1,50499999523163
1,52600002288818
1,62600004673004
1,65600001811981
1,72599995136261
1,83899998664856
2,01600003242493
2,16300010681152
2,31800007820129
2,50699996948242
2,99000000953674
3,12100005149841
3,38199996948242
3,43499994277954
3,48900008201599
3,62400007247925
3,60800004005432
3,64599990844727
3,76600003242493
3,77900004386902
3,64299988746643
3,65199995040894
3,57699990272522
3,52600002288818
3,46199989318848
3,40799999237061
3,19600009918213
3,21499991416931
3,2039999961853
3,20199990272522
3,37800002098084
3,31699991226196
3,49699997901917
3,52999997138977
3,52999997138977
3,60800004005432
3,61199998855591
3,63199996948242
3,66499996185303
3,70600008964539
3,66900002956391
3,63199996948242
3,55200004577637
3,61999988555908
3,53800010681152
3,47699999809265
3,52500009536743
3,41300010681152
3,36700010299683
3,36100006103516
3,07999992370605
2,80699992179871
2,6800000667572
2,54500007629395
2,49300003051758
2,4539999961853
2,42000007629395
2,32800006866455
2,33100008964539
2,34999990463257
2,27099990844727
2,29099988937378
2,41000008583069
2,29099988937378
2,23099994659424
2,18799996376038
2,13000011444092
2,10899996757507
2,00600004196167
1,95799994468689
1,9099999666214
1,91100001335144
1,85000002384186
1,92599999904633
1,91199994087219
1,80200004577637
1,78100001811981
1,75800001621246
1,70299994945526
1,68499994277954
1,71599996089935
1,71099996566772
1,7059999704361
1,70000004768372
1,74000000953674
1,69700002670288
1,68299996852875
1,71899998188019
1,64800000190735
1,65100002288818
1,65799999237061
1,5900000333786
1,59300005435944
1,61699998378754
1,62600004673004
1,61699998378754
1,56500005722046
1,56500005722046
1,64999997615814
1,71000003814697
1,88699996471405
1,97399997711182
2,33100008964539
2,56699991226196
2,76600003242493
3,0239999294281
3,47900009155273
3,70199990272522
3,9909999370575
4,07200002670288
4,24100017547607
4,19199991226196
4,22399997711182
4,36199998855591
4,34600019454956
4,40899991989136
4,55399990081787
4,52099990844727
4,46999979019165
4,48199987411499
4,36700010299683
4,32999992370605
4,20599985122681
4,23299980163574
4,25299978256226
4,29400014877319
4,30100011825562
4,12900018692017
4,21500015258789
4,2649998664856
4,45800018310547
4,53000020980835
4,56199979782104
4,57100009918213
4,63299989700317
4,64400005340576
4,61299991607666
4,41499996185303
4,48899984359741
4,28900003433228
4,23000001907349
4,17199993133545
3,96900010108948
4,01200008392334
3,94300007820129
3,82800006866455
3,56800007820129
3,23699998855591
3,13599991798401
2,98300004005432
2,97099995613098
2,88599991798401
2,75399994850159
2,75600004196167
2,74399995803833
2,72900009155273
2,67400002479553
2,70300006866455
2,64000010490417
2,62599992752075
2,54800009727478
2,34999990463257
2,34999990463257
2,30800008773804
2,25300002098084
2,17400002479553
2,1489999294281
2,14400005340576
2,04699993133545
1,8289999961853
1,81200003623962
1,78900003433228
1,76400005817413
1,72500002384186
1,68299996852875
1,7059999704361
1,67700004577637
1,65699994564056
1,63199996948242
1,66299998760223
1,65299999713898
1,62399995326996
1,66400003433228
1,62800002098083
1,65900003910065
1,6139999628067
1,58399999141693
1,59500002861023
1,60099995136261
1,60000002384186
1,65299999713898
1,54499995708466
1,51999998092651
1,5789999961853
1,65799999237061
1,74199998378754
1,88199996948242
1,96800005435944
2,17899990081787
2,42400002479553
2,69300007820129
3,07999992370605
3,2260000705719
3,4909999370575
3,76999998092651
3,83299994468689
3,97099995613098
3,88499999046326
4,05200004577637
4,12200021743774
4,10500001907349
4,24700021743774
4,06099987030029
4,1269998550415
4,11499977111816
4,08300018310547
4,09299993515015
4,13800001144409
4,02199983596802
4,05999994277954
4,17500019073486
4,16800022125244
4,18100023269653
4,26300001144409
4,30100011825562
4,38700008392334
4,36299991607666
4,45100021362305
4,43300008773804
4,48099994659424
4,51300001144409
4,50299978256226
4,30000019073486
4,33099985122681
4,33699989318848
4,15000009536743
4,05200004577637
3,85500001907349
3,77500009536743
3,7720000743866
3,81699991226196
3,64299988746643
3,22399997711182
3,11299991607666
3,02800011634827
2,8970000743866
2,76699995994568
2,7739999294281
2,70000004768372
2,6800000667572
2,71199989318848
2,59400010108948
2,59299993515015
2,56399989128113
2,65700006484985
2,66300010681152
2,52300000190735
2,50600004196167
2,44099998474121
2,31900000572205
2,33200001716614
2,2279999256134
2,14000010490417
2,16000008583069
2,08200001716614
1,86699998378754
1,8309999704361
1,74300003051758
1,73000001907349
1,68700003623962
1,62800002098083
1,62399995326996
1,59500002861023
1,59899997711182
1,57599997520447
1,60500001907349
1,60199999809265
1,62199997901917
1,59300005435944
1,59599995613098
1,567999958992
1,53199994564056
1,54200005531311
1,53999996185303
1,54499995708466
1,50399994850159
1,51400005817413
1,41700005531311
1,42499995231628
1,55999994277954
1,60199999809265
1,70700001716614
1,82200002670288
2,00500011444092
2,19099998474121
2,50500011444092
2,60899996757507
3,03800010681152
3,35400009155273
3,55299997329712
3,62199997901917
3,69400000572205
3,72300004959106
3,93600010871887
4,05999994277954
4,06599998474121
4,10099983215332
4,07299995422363
4,10900020599365
4,15000009536743
4,15000009536743
4,14300012588501
4,23199987411499
4,02199983596802
3,92000007629395
3,85899996757507
3,93300008773804
3,93899989128113
4,0460000038147
4,09899997711182
4,1560001373291
4,43699979782104
4,42799997329712
4,40399980545044
4,48000001907349
4,53200006484985
4,49499988555908
4,44799995422363
4,43900012969971
4,36299991607666
4,3600001335144
4,27099990844727
4,1560001373291
4,04300022125244
3,94099998474121
3,85400009155273
3,875
3,62599992752075
3,46000003814697
3,3529999256134
3,28900003433228
3,02999997138977
2,98000001907349
2,90300011634827
2,75999999046326
2,75399994850159
2,67700004577637
2,65599989891052
2,61899995803833
2,57299995422363
2,59100008010864
2,55900001525879
2,62100005149841
2,46900010108948
2,40000009536743
2,36299991607666
2,21600008010864
2,21799993515015
2,17899990081787
2,14599990844727
2,09299993515015
1,98399996757507
1,91999995708466