1,76600003242493
1,68400001525879
1,64600002765656
1,59800004959106
1,59800004959106
1,567999958992
1,55799996852875
1,52100002765656
1,50600004196167
1,48399996757507
1,49399995803833
1,48199999332428
1,49399995803833
1,46899998188019
1,45899999141693
1,48399996757507
1,4889999628067
1,50699996948242
1,48800003528595
1,47300004959106
1,48000001907349
1,49000000953674
1,51600003242493
1,50499999523163
1,52600002288818
1,62600004673004
1,65600001811981
1,72599995136261
1,83899998664856
2,01600003242493
2,16300010681152
2,31800007820129
2,50699996948242
2,99000000953674
3,12100005149841
3,38199996948242
3,43499994277954
3,48900008201599
3,62400007247925
3,60800004005432
3,64599990844727
3,76600003242493
3,77900004386902
3,64299988746643
3,65199995040894
3,57699990272522
3,52600002288818
3,46199989318848
3,40799999237061
3,19600009918213
3,21499991416931
3,2039999961853
3,20199990272522
3,37800002098084
3,31699991226196
3,49699997901917
3,52999997138977
3,52999997138977
3,60800004005432
3,61199998855591
3,63199996948242
3,66499996185303
3,70600008964539
3,66900002956391
3,63199996948242
3,55200004577637
3,61999988555908
3,53800010681152
3,47699999809265
3,52500009536743
3,41300010681152
3,36700010299683
3,36100006103516
3,07999992370605
2,80699992179871
2,6800000667572
2,54500007629395
2,49300003051758
2,4539999961853
2,42000007629395
2,32800006866455
2,33100008964539
2,34999990463257
2,27099990844727
2,29099988937378
2,41000008583069
2,29099988937378
2,23099994659424
2,18799996376038
2,13000011444092
2,10899996757507
2,00600004196167
1,95799994468689
1,9099999666214
1,91100001335144
1,85000002384186
1,92599999904633
1,91199994087219
1,80200004577637
1,78100001811981
1,75800001621246
1,70299994945526
1,68499994277954
1,71599996089935
1,71099996566772
1,7059999704361
1,70000004768372
1,74000000953674
1,69700002670288
1,68299996852875
1,71899998188019
1,64800000190735
1,65100002288818
1,65799999237061
1,5900000333786
1,59300005435944
1,61699998378754
1,62600004673004
1,61699998378754
1,56500005722046
1,56500005722046
1,64999997615814
1,71000003814697
1,88699996471405
1,97399997711182
2,33100008964539
2,56699991226196
2,76600003242493
3,0239999294281
3,47900009155273
3,70199990272522
3,9909999370575
4,07200002670288
4,24100017547607
4,19199991226196
4,22399997711182
4,36199998855591
4,34600019454956
4,40899991989136
4,55399990081787
4,52099990844727
4,46999979019165
4,48199987411499
4,36700010299683
4,32999992370605
4,20599985122681
4,23299980163574
4,25299978256226
4,29400014877319
4,30100011825562
4,12900018692017
4,21500015258789
4,2649998664856
4,45800018310547
4,53000020980835
4,56199979782104
4,57100009918213
4,63299989700317
4,64400005340576
4,61299991607666
4,41499996185303
4,48899984359741
4,28900003433228
4,23000001907349
4,17199993133545
3,96900010108948
4,01200008392334
3,94300007820129
3,82800006866455
3,56800007820129
3,23699998855591
3,13599991798401
2,98300004005432
2,97099995613098
2,88599991798401
2,75399994850159
2,75600004196167
2,74399995803833
2,72900009155273
2,67400002479553
2,70300006866455
2,64000010490417
2,62599992752075
2,54800009727478
2,34999990463257
2,34999990463257
2,30800008773804
2,25300002098084
2,17400002479553
2,1489999294281
2,14400005340576
2,04699993133545
1,8289999961853
1,81200003623962
1,78900003433228
1,76400005817413
1,72500002384186
1,68299996852875
1,7059999704361
1,67700004577637
1,65699994564056
1,63199996948242
1,66299998760223
1,65299999713898
1,62399995326996
1,66400003433228
1,62800002098083
1,65900003910065
1,6139999628067
1,58399999141693
1,59500002861023
1,60099995136261
1,60000002384186
1,65299999713898
1,54499995708466
1,51999998092651
1,5789999961853
1,65799999237061
1,74199998378754
1,88199996948242
1,96800005435944
2,17899990081787
2,42400002479553
2,69300007820129
3,07999992370605
3,2260000705719
3,4909999370575
3,76999998092651
3,83299994468689
3,97099995613098
3,88499999046326
4,05200004577637
4,12200021743774
4,10500001907349
4,24700021743774
4,06099987030029
4,1269998550415
4,11499977111816
4,08300018310547
4,09299993515015
4,13800001144409
4,02199983596802
4,05999994277954
4,17500019073486
4,16800022125244
4,18100023269653
4,26300001144409
4,30100011825562
4,38700008392334
4,36299991607666
4,45100021362305
4,43300008773804
4,48099994659424
4,51300001144409
4,50299978256226
4,30000019073486
4,33099985122681
4,33699989318848
4,15000009536743
4,05200004577637
3,85500001907349
3,77500009536743
3,7720000743866
3,81699991226196
3,64299988746643
3,22399997711182
3,11299991607666
3,02800011634827
2,8970000743866
2,76699995994568
2,7739999294281
2,70000004768372
2,6800000667572
2,71199989318848
2,59400010108948
2,59299993515015
2,56399989128113
2,65700006484985
2,66300010681152
2,52300000190735
2,50600004196167
2,44099998474121
2,31900000572205
2,33200001716614
2,2279999256134
2,14000010490417
2,16000008583069
2,08200001716614
1,86699998378754
1,8309999704361
1,74300003051758
1,73000001907349
1,68700003623962
1,62800002098083
1,62399995326996
1,59500002861023
1,59899997711182
1,57599997520447
1,60500001907349
1,60199999809265
1,62199997901917
1,59300005435944
1,59599995613098
1,567999958992
1,53199994564056
1,54200005531311
1,53999996185303
1,54499995708466
1,50399994850159
1,51400005817413
1,41700005531311
1,42499995231628
1,55999994277954
1,60199999809265
1,70700001716614
1,82200002670288
2,00500011444092
2,19099998474121
2,50500011444092
2,60899996757507
3,03800010681152
3,35400009155273
3,55299997329712
3,62199997901917
3,69400000572205
3,72300004959106
3,93600010871887
4,05999994277954
4,06599998474121
4,10099983215332
4,07299995422363
4,10900020599365
4,15000009536743
4,15000009536743
4,14300012588501
4,23199987411499
4,02199983596802
3,92000007629395
3,85899996757507
3,93300008773804
3,93899989128113
4,0460000038147
4,09899997711182
4,1560001373291
4,43699979782104
4,42799997329712
4,40399980545044
4,48000001907349
4,53200006484985
4,49499988555908
4,44799995422363
4,43900012969971
4,36299991607666
4,3600001335144
4,27099990844727
4,1560001373291
4,04300022125244
3,94099998474121
3,85400009155273
3,875
3,62599992752075
3,46000003814697
3,3529999256134
3,28900003433228
3,02999997138977
2,98000001907349
2,90300011634827
2,75999999046326
2,75399994850159
2,67700004577637
2,65599989891052
2,61899995803833
2,57299995422363
2,59100008010864
2,55900001525879
2,62100005149841
2,46900010108948
2,40000009536743
2,36299991607666
2,21600008010864
2,21799993515015
2,17899990081787
2,14599990844727
2,09299993515015
1,98399996757507
1,91999995708466
1,86000001430511
1,8400000333786
1,817999958992
1,79100000858307
1,80999994277954
1,77799999713898
1,75600004196167
1,72699999809265
1,73399996757507
1,71899998188019
1,67499995231628
1,69099998474121
1,682000041008
1,66499996185303
1,59899997711182
1,56700003147125
1,59099996089935
1,60000002384186
1,59300005435944
1,61699998378754
1,51300001144409
1,50699996948242
1,51400005817413
1,74000000953674
1,83200001716614
1,942999958992
2,09100008010864
2,38299989700317
2,51200008392334
2,83500003814697
3,05200004577637
3,67700004577637
3,85599994659424
4,00799989700317
4,19999980926514
4,27899980545044
4,29300022125244
4,39599990844727
4,40500020980835
4,45800018310547
4,38299989700317
4,4539999961853
4,5
4,42199993133545
4,32499980926514
4,30299997329712
4,2960000038147
4,2480001449585
4,36100006103516
4,34800004959106
4,41099977493286
4,45699977874756
4,5310001373291
4,65899991989136
4,79300022125244
4,93800020217896
4,86199998855591
4,84100008010864
4,80499982833862
4,83599996566772
4,78299999237061
4,72599983215332
4,65700006484985
4,68499994277954
4,46400022506714
4,41599988937378
4,18100023269653
4,06300020217896
3,98799991607666
4,05100011825562
3,84999990463257
3,55200004577637
3,40300011634827
3,22000002861023
3,14199995994568
3,05750000476837
2,97300004959106
2,98000001907349
2,84800004959106
2,7279999256134
2,77300000190735
2,65199995040894
2,63000011444092
2,63000011444092
2,61500000953674
2,60800004005432
2,56500005722046
2,5220000743866
2,43300008773804
2,42300009727478
2,25999999046326
2,16599988937378
2,11500000953674
2,06800007820129
1,98000001907349
1,90600001811981
1,84300005435944
1,82200002670288
1,80499994754791
1,76400005817413
1,74600005149841
1,74399995803833
1,72500002384186
1,69900000095367
1,68099999427795
1,75300002098083
1,69900000095367
1,7610000371933
1,72000002861023
1,74000000953674
1,66700005531311
1,63999998569489
1,64499998092651
1,67999994754791
1,60099995136261
1,67499995231628
1,61199998855591
1,61000001430511
1,59500002861023
1,73399996757507
1,80099999904633
1,94700002670288
2,18700003623962
2,42600011825562
2,60700011253357
2,88899993896484
3,0460000038147
3,43300008773804
3,66100001335144
3,75399994850159
3,96300005912781
4,06400012969971
4,04899978637695
4,12799978256226
4,16800022125244
4,13199996948242
4,16699981689453
4,21400022506714
4,26100015640259
4,16599988937378
4,17500019073486
4,10599994659424
4,05499982833862
3,91899991035461
3,89000010490417
3,96099996566772
3,96000003814697
3,95799994468689
4,10300016403198
4,18800020217896
4,31699991226196
4,32600021362305
4,44000005722046
4,39599990844727
4,40299987792969
4,46199989318848
4,4689998626709
4,48799991607666
4,35099983215332
4,16900014877319
4,06699991226196
3,96199989318848
3,79900002479553
3,74900007247925
3,6029999256134
3,66300010681152
3,53999996185303
3,39499998092651
3,25500011444092
3,12700009346008
3,00300002098084
2,92300009727478
2,83699989318848
2,81599998474121
2,78500008583069
2,77699995040894
2,81800007820129
2,73900008201599
2,67300009727478
2,66899991035461
2,66700005531311
2,62599992752075
2,55800008773804
2,49000000953674
2,42799997329712
2,44799995422363
2,33899998664856
2,38299989700317
2,28299999237061
2,16300010681152
1,94700002670288
1,83599996566772
1,79200005531311
1,77199995517731
1,75699996948242
1,72699999809265
1,71899998188019
1,67400002479553
1,682000041008
1,67799997329712
1,70899999141693
1,66199994087219
1,6710000038147
1,66600000858307
1,64900004863739
1,69700002670288
1,60599994659424
1,65100002288818
1,64499998092651
1,65100002288818
1,60800004005432
1,60000002384186
1,55799996852875
1,55099999904633
1,57000005245209
1,71099996566772
1,807000041008
1,89100003242493
2,08800005912781
2,27900004386902
2,69099998474121
2,87400007247925
3,35500001907349
3,66700005531311
3,82399988174438
4,01700019836426
4,14400005340576
4,28999996185303
4,34800004959106
4,4060001373291
4,38700008392334
4,39699983596802
4,49499988555908
4,53299999237061
4,48699998855591
4,46700000762939
4,50699996948242
4,44000005722046
4,32000017166138
4,31799983978271
4,35300016403198
4,37400007247925
4,30299997329712
4,33099985122681
4,53299999237061
4,51399993896484
4,70100021362305
4,80299997329712
4,86700010299683
4,93900012969971
4,84299993515015
4,83199977874756
4,85099983215332
4,77099990844727
4,71099996566772
4,60799980163574
4,55900001525879
4,47800016403198
4,29699993133545
4,24200010299683
4,14099979400635
3,91000008583069
3,78399991989136
3,59500002861023
3,43799996376038
3,18899989128113
3,13199996948242
3,01200008392334
2,94899988174438
2,90599989891052
2,77500009536743
2,82399988174438
2,81500005722046
2,76399993896484
2,68099999427795
2,71000003814697
2,70499992370605
2,69899988174438
2,57100009918213
2,54800009727478
2,52800011634827
2,40300011634827
2,3970000743866
2,3840000629425
2,32399988174438
2,18799996376038
2,06900000572205
2,06900000572205
1,98399996757507
1,93599998950958
1,88100004196167
1,82400000095367
1,82299995422363
1,78699994087219
1,76300001144409
1,75499999523163
1,73000001907349
1,74399995803833
1,75800001621246
1,76600003242493
1,74500000476837
1,72200000286102
1,76699995994568
1,74000000953674
1,73399996757507
1,75499999523163
1,71899998188019
1,69500005245209
1,67599999904633
1,63199996948242
1,69400000572205
1,76499998569489
1,85599994659424
2,03600001335144
2,12599992752075
2,21700000762939
2,43400001525879
2,56399989128113
3,08699989318848
3,38599991798401
3,60700011253357
3,86999988555908
4,04099988937378
4,19399976730347
4,36399984359741
4,44299983978271
4,54300022125244
4,58900022506714
4,65799999237061
4,63000011444092
4,68599987030029
4,64900016784668
4,52099990844727
4,58799982070923
4,54899978637695
4,40100002288818
4,33400011062622
4,30299997329712
4,47300004959106
4,51800012588501
4,68400001525879
4,76800012588501
4,82999992370605
4,95800018310547
5,10599994659424
5,05700016021729
5,07200002670288
4,94099998474121
4,89300012588501
4,9060001373291
4,78499984741211
4,81300020217896
4,67899990081787
4,75699996948242
4,55100011825562
4,51300001144409
4,39099979400635
4,11399984359741
3,94600009918213
3,54900002479553
3,44899988174438
3,23699998855591
3,02800011634827
2,92799997329712
2,80399990081787
2,82699990272522
2,78500008583069
2,7590000629425
2,79500007629395
2,65499997138977
2,74600005149841
2,67199993133545
2,65700006484985
2,67300009727478
2,65100002288818
2,53600001335144
2,40700006484985
2,41700005531311
2,31500005722046
2,27600002288818
2,23099994659424
2,15000009536743
2,05200004577637
1,96800005435944
1,92299997806549
1,88449996709823
1,84599995613098
1,83599996566772
1,79900002479553
1,79999995231628
1,75100004673004
1,74500000476837
1,76199996471405
1,73300004005432
1,78799998760223
1,78699994087219
1,74300003051758
1,78400003910065
1,71000003814697
1,682000041008
1,70299994945526
1,72300004959106
1,73399996757507
1,66700005531311
1,61800003051758
1,56900000572205
1,69900000095367
1,76400005817413
1,87300002574921
1,93900001049042
2,15599989891052
2,28399991989136
2,60199999809265
2,92449998855591
3,24699997901917
3,64499998092651
4
4,29099988937378
4,39699983596802
4,32399988174438
4,43300008773804
4,45800018310547
4,51200008392334
4,44799995422363
4,47599983215332
4,5770001411438
4,58900022506714
4,53800010681152
4,56400012969971
4,46799993515015
4,40100002288818
4,34100008010864
4,3439998626709
4,27199983596802
4,33099985122681
4,51000022888184
4,58099985122681
4,69999980926514
4,7519998550415
4,94999980926514
4,89599990844727
4,93800020217896
4,89300012588501
4,90899991989136
4,76000022888184
4,72800016403198
4,70300006866455
4,65799999237061
4,51800012588501
4,35300016403198
4,24599981307983
4,05200004577637
4,16599988937378
4,13299989700317
3,78099989891052
3,49200010299683
3,29200005531311
3,23699998855591
3,09200000762939
2,90000009536743
2,83999991416931
2,81399989128113
2,83500003814697
2,7409999370575
2,73900008201599
2,66599988937378
2,72300004959106
2,63299989700317
2,69799995422363
2,64400005340576
2,61999988555908
2,61400008201599
2,50999999046326
2,46300005912781
2,38499999046326
2,35500001907349
2,23900008201599
2,22699999809265
2,125
2,10400009155273
2,01699995994568
1,99199998378754
1,97099995613098
1,94000005722046
1,90699994564056
1,85000002384186
1,84300005435944
1,82700002193451
1,80599999427795
1,75699996948242
1,78299999237061
1,79499995708466
1,77900004386902
1,74600005149841
1,7849999666214
1,75699996948242
1,79499995708466
1,78100001811981
1,75800001621246
1,692999958992
1,62699997425079
1,65100002288818
1,71399998664856
1,69200003147125
1,72899997234344
1,77999997138977
1,75800001621246
1,84099996089935
1,83299994468689
1,88800001144409
2,01900005340576
2,05900001525879
2,01600003242493
2,13599991798401
2,11199998855591
2,11800003051758
2,12299990653992
2,14199995994568
2,14599990844727
2,16000008583069
2,10999989509583
2,15300011634827
2,21399998664856
2,20199990272522
2,19300007820129
2,21099996566772
2,28600001335144
2,21000003814697
2,16000008583069
2,13899993896484
2,20700001716614
2,16899991035461
2,17600011825562
2,15700006484985
2,15199995040894
2,2279999256134
2,13599991798401
2,22300004959106
2,19400000572205
2,17700004577637
2,19400000572205
2,17899990081787
2,20900011062622
2,20099997520447
2,14299988746643
2,18499994277954
2,18600010871887
2,26699995994568
2,36700010299683
2,59800004959106
2,67799997329712
2,71199989318848
2,58500003814697
2,59699988365173
2,56399989128113
2,61899995803833
2,54399991035461
2,55599999427795
2,49699997901917
2,49600005149841
2,57500004768372
2,56299996376038
2,63299989700317
2,55599999427795
2,67149996757507
2,6414999961853
2,60349988937378
2,55449998378753
2,49849998950959
2,45150005817414
2,42200005054474
2,36800003051758
2,27550005912781
2,25499999523163
2,03299999237061
1,97399997711182
1,92799997329712
1,88100004196167
1,84899997711182
1,85899996757507
1,79299998283386
1,76900005340576
1,78699994087219
1,75699996948242
1,74199998378754
1,77900004386902
1,78400003910065
1,7849999666214
1,77499997615814
1,75800001621246
1,75499999523163
1,73300004005432
1,73300004005432
1,71700000762939
1,70200002193451
1,68400001525879
1,66600000858307
1,67700004577637
1,62100005149841
1,75
1,78400003910065
1,91400003433228
2,02600002288818
2,20700001716614
2,53999996185303
2,77500009536743
3,07800006866455
3,42799997329712
3,68700003623962
3,95799994468689
4,05299997329712
4,1560001373291
4,2960000038147
4,43400001525879
4,52199983596802
4,56199979782104
4,65500020980835
4,66300010681152
4,74100017547607
4,56099987030029
4,49399995803833
4,42600011825562
4,31699991226196
4,24499988555908
4,21400022506714
4,28399991989136
4,33099985122681
4,37400007247925
4,4980001449585
4,55399990081787
4,65500020980835
4,80200004577637
4,74599981307983
4,77400016784668
4,73400020599365
4,68100023269653
4,64300012588501
4,58500003814697
4,59100008010864
4,57499980926514
4,52299976348877
4,2979998588562
4,25500011444092
4,14599990844727
4,22800016403198
4,02299976348877
3,7279999256134
3,40000009536743
3,35400009155273
3,21099996566772
3,05800008773804
2,98000001907349
2,91300010681152
2,93899989128113
2,80999994277954
2,79299998283386
2,84299993515015
2,74699997901917
2,68499994277954
2,68499994277954
2,64499998092651
2,63899993896484
2,58699989318848
2,49499988555908
2,48699998855591
2,44000005722046
2,45900011062622
2,38100004196167
2,31200003623962
2,28299999237061
2,16400003433228
2,10999989509583
2,06200003623962
2,01699995994568
1,94099998474121
1,96899998188019
1,92299997806549
1,90600001811981
1,97000002861023
1,91299998760223
1,92700004577637
1,90299999713898
1,99399995803833
1,9099999666214
1,90100002288818
1,86500000953674
1,85399997234344
1,88999998569489
1,90400004386902
1,86300003528595
1,85500001907349
1,71700000762939
1,78400003910065
1,79900002479553
1,83200001716614
1,93299996852875
2,13100004196167
2,26600003242493
2,51999998092651
2,72399997711182
3,09899997711182
3,57200002670288
3,95199990272522
4,23299980163574
4,44600009918213
4,61999988555908
4,73000001907349
4,68100023269653
4,85300016403198
4,90100002288818
4,87400007247925
4,94399976730347
4,96700000762939
5,00400018692017
4,91599988937378
4,98400020599365
4,83300018310547
4,79099988937378
4,78399991989136
4,79099988937378
4,66499996185303
4,69500017166138
4,63800001144409
4,78299999237061
4,86499977111816
4,98400020599365
5,05399990081787
5,15299987792969
5,31699991226196
5,29400014877319
5,34200000762939
5,22399997711182
5,27899980545044
5,23099994659424
5,17700004577637
5,14200019836426
4,99399995803833
4,87400007247925
4,78400007883708
4,6940000851949
4,60400009155273
3,91249990463257
3,64599990844727
3,35750007629394
3,29050004482269
3,14649999141693
3,06200003623962
2,9485000371933
2,87550008296966
2,90950000286103
2,85399997234344
2,81400001049041
2,84399998188019
2,75699996948243
2,70649993419647
2,7114999294281
2,70949995517731
2,69649994373322
2,60649991035462
2,52749991416931
2,49150002002716
2,45749998092652
2,43800008296966
2,39149999618531
2,31599998474121
2,29100000858307
2,18099999427795
2,14000010490417
2,12599992752075
2,06800007820129
1,98800003528595
1,94099998474121
1,93900001049042
1,89800000190735
1,87800002098083
1,83000004291534
1,807000041008
1,83000004291534
1,84099996089935
1,85800004005432
1,83500003814697
1,82400000095367
1,81700003147125
1,79999995231628
1,83899998664856
1,78799998760223
1,77100002765656
1,66100001335144
1,65400004386902
1,67400002479553
1,79499995708466
1,88100004196167
1,96700000762939
2,10400009155273
2,46900010108948
2,73200011253357
3,05800008773804
3,23499989509583
3,67600011825562
4,01000022888184
4,30200004577637
4,38500022888184
4,49399995803833
4,55000019073486
4,65799999237061
4,56699991226196
4,60900020599365
4,58400011062622
4,63299989700317
4,69600009918213
4,67199993133545
4,55000019073486
4,42500019073486
4,46099996566772
4,42000007629395
4,34899997711182
4,36899995803833
4,34999990463257
4,40199995040894
4,50400018692017
4,54500007629395
4,67500019073486
4,76200008392334
4,83699989318848
4,80399990081787
4,81400012969971
5
4,81199979782104
4,82200002670288
4,8439998626709
4,67399978637695
4,58900022506714
4,58699989318848
4,38299989700317
4,15799999237061
4,09800004959106
4,13899993896484
3,80200004577637
3,56399989128113
3,31500005722046
3,22699999809265
3,08200001716614
3,06599998474121
2,91700005531311
2,83800005912781
2,88000011444092
2,89800000190735
2,83500003814697
2,84500002861023
2,76699995994568
2,7279999256134
2,73799991607666
2,7739999294281
2,75399994850159
2,62599992752075
2,55999994277954
2,49600005149841
2,47499990463257
2,41700005531311
2,40199995040894
2,3199999332428
2,29900002479553
2,16000008583069
2,13599991798401
2,0239999294281
2,02300000190735
1,93499994277954
1,97699999809265
1,96099996566772
1,90100002288818
1,86099994182587
1,85300004482269
1,90600001811981
1,84599995613098
1,89400005340576
1,89300000667572
1,84899997711182
1,78199994564056
1,80200004577637
1,79799997806549
1,80299997329712
1,80099999904633
1,74849998950958
1,69599997997284
1,69099998474121
1,82000005245209
1,81599998474121
1,90900003910065
1,99100005626678
2,13700008392334
2,34800004959106
2,63499999046326
3,01200008392334
3,24900007247925
3,53999996185303
4,05600023269653
4,26300001144409
4,51200008392334
4,59200000762939
4,67199993133545
4,76800012588501
4,80499982833862
4,8600001335144
4,89900016784668
5,05399990081787
4,98400020599365
5,01300001144409
4,97599983215332
4,8769998550415
4,74700021743774
4,65399980545044
4,61600017547607
4,60900020599365
4,57800006866455
4,67700004577637
4,76700019836426
4,91099977493286
5,16800022125244
5,24599981307983
5,30999994277954
5,35799980163574
5,39300012588501
5,41300010681152
5,36299991607666
5,33699989318848
5,00099992752075
5,01800012588501
4,99300003051758
5,06500005722046
4,89900016784668
4,68800020217896
4,5939998626709
4,51399993896484
4,11999988555908
3,92600011825562
3,66700005531311
3,48499989509583
3,36400008201599
3,26900005340576
3,15799999237061
3,05299997329712
3,0699999332428
3,03099989891052
2,96300005912781
2,91400003433228
2,86500000953674
2,90300011634827
2,91000008583069
2,86199998855591
2,90599989891052
2,82299995422363
2,71300005912781
2,66300010681152
2,6949999332428
2,65799999237061
2,52099990844727
2,51300001144409
2,52300000190735
2,31599998474121
2,21399998664856
2,18700003623962
2,12400007247925
2,06100010871887
2,02900004386902
2,02300000190735
2,00600004196167
2,00799989700317
2,00300002098084
1,93900001049042
1,97300004959106
2,01300001144409
1,99000000953674
1,99699997901917
1,97500002384186
1,93499994277954
1,9099999666214
1,91600000858307
1,8860000371933
1,81299996376038
1,78100001811981
1,72899997234344
1,73300004005432
1,72699999809265
1,73000001907349
1,79999995231628
1,77699995040894
1,75399994850159
1,93499994277954
1,91100001335144
1,95700001716614
1,94700002670288
2,08100008964539
2,06299996376038
2,12299990653992
2,09500002861023
2,16199994087219
2,1470000743866
2,16100001335144
2,18499994277954
2,16100001335144
2,18199992179871
2,20600008964539
2,1949999332428
2,24300003051758
2,23699998855591
2,18799996376038
2,16499996185303
2,17400002479553
2,13299989700317
2,17600011825562
2,17400002479553
2,20199990272522
2,20799994468689
2,23000001907349
2,18300008773804
2,17400002479553
2,19000005722046
2,1949999332428
2,16100001335144
2,16000008583069
2,21600008010864
2,21199989318848
2,18400001525879
2,13599991798401
2,14100003242493
2,14000010490417
2,18499994277954
2,35800004005432
2,52900004386902
2,65700006484985
2,65300011634827
2,69799995422363
2,61400008201599
2,59100008010864
2,56900000572205
2,58599996566772
2,58999991416931
2,56900000572205
2,59299993515015
2,55800008773804
2,56800007820129
2,65100002288818
2,6010000705719
2,58800005912781
2,61899995803833
2,61899995803833
2,54399991035461
2,57999992370605
2,51500010490417
2,4300000667572
2,40199995040894
2,34599995613098
2,33899998664856
2,24799990653992
2,25099992752075
2,18099999427795
2,13000011444092
2,10500001907349
2,07200002670288
2,05299997329712
2,02500009536743
2,0220000743866
1,96399998664856
1,94500005245209
1,94000005722046
1,942999958992
2,00799989700317
1,96700000762939
1,95899999141693
1,91600000858307
1,90199995040894
1,91700005531311
1,90499997138977
1,83599996566772
1,77199995517731
1,73300004005432
1,76900005340576
1,79499995708466
1,86300003528595
2,01399993896484
2,11999988555908
2,29500007629395
2,54299998283386
2,93600010871887
3,34999990463257
3,65300011634827
3,94600009918213
4,36499977111816
4,46999979019165
4,63100004196167
4,79899978637695
4,8600001335144
4,87900018692017
4,89699983596802
5,00600004196167
4,99100017547607
5,02199983596802
4,99499988555908
4,99300003051758
4,97599983215332
4,75600004196167
4,70499992370605
4,60500001907348
4,50500011444092
4,46099996566772
4,55499982833862
4,69799995422363
4,66599988937378
4,85400009155273
5,05499982833862
5,125
5,21099996566772
5,16900014877319
5,19899988174438
5,27500009536743
5,2189998626709
5,13700008392334
5,10799980163574
4,98799991607666
4,97800016403198
4,91300010681152
4,66499996185303
4,48299980163574
4,43599987030029
4,30100011825562
4,1269998550415
3,85800004005432
3,70799994468689
3,49799990653992
3,41300010681152
3,31100010871887
3,09100008010864
3,04900002479553
3,0090000629425
2,98849999904632
2,96799993515015
2,91899991035461
2,90749990940094
2,89599990844727
2,98499989509583
2,90700006484985
2,87400007247925
2,89599990844727
2,82699990272522
2,72000002861023
2,69199991226196
2,56800007820129
2,54900002479553
2,53500008583069
2,45000004768372
2,24499988555908
2,21300005912781
2,14100003242493
2,15100002288818
2,08800005912781
2,09699988365173
2,06200003623962
2,04999995231628
2,06100010871887
2,01600003242493
2,00600004196167
2,03699994087219
2,0550000667572
1,99899995326996
2,00399994850159
1,97699999809265
2,03699994087219
1,96099996566772
1,96200001239777
1,92599999904633
1,84700000286102
1,86600005626678
1,89499998092651
1,87100005149841
1,88499999046326
1,94500005245209
2,02099990844727
2,10400009155273
2,25
2,49200010299683
2,69199991226196
2,9210000038147
3,18099999427795
3,46799993515015
3,59500002861023
3,6159999370575
3,72099995613098
3,85899996757507
3,86899995803833
3,8289999961853
3,88599991798401
3,98200011253357
4,01300001144409
4,03499984741211
4,02099990844727
3,99000000953674
3,95799994468689
4,06599998474121
4
3,91499996185303
3,98900008201599
3,99600005149841
4,06699991226196
4,13399982452393
4,11399984359741
4,11499977111816
4,18499994277954
4,19600009918213
4,30399990081787
4,33400011062622
4,25400018692017
4,2480001449585
4,15100002288818
4,19600009918213
4,15799999237061
4,09600019454956
4,04899978637695
4,00299978256226
3,91100001335144
3,93099999427795
4,01700019836426
3,8050000667572
3,65000009536743
3,42400002479553
3,2590000629425
3,21300005912781
3,0699999332428
3,01900005340576
2,9449999332428
2,86800003051758
2,93799996376038
2,85199999809265
2,96399998664856
2,87400007247925
2,92700004577637
2,78699994087219
2,83200001716614
2,79099988937378
2,7260000705719
2,65300011634827
2,58699989318848
2,60999989509583
2,48799991607666
2,54900002479553
2,53699994087219
2,45300006866455
2,27699995040894
2,16000008583069
2,15599989891052
2,09500002861023
2,11100006103516
2,08699989318848
2,06200003623962
2,00300002098084
2,00999999046326
1,99600005149841
1,98300004005432
1,97399997711182
1,9650000333786
1,95299994945526
1,90499997138977
1,92400002479553
1,91600000858307
1,95099997520447
1,91199994087219
1,87199997901917
1,89999997615814
1,78999996185303
1,75699996948242
1,82799994945526
1,817999958992
1,84099996089935
1,78999996185303
1,88199996948242
1,84399998188019
1,94599997997284
1,93700003623962
2,00999999046326
2,03399991989136
2,07299995422363
2,16599988937378
2,18700003623962
2,12700009346008
2,20099997520447
2,24000000953674
2,24499988555908
2,2409999370575
2,38499999046326
2,34899997711182
2,40899991989136
2,36299991607666
2,40899991989136
2,37199997901917
2,28699994087219
2,32299995422363
2,31900000572205
2,26900005340576
2,36500000953674
2,38299989700317
2,26500010490417
2,37800002098084
2,31699991226196
2,26500010490417
2,42300009727478
2,44199991226196
2,42000007629395
2,42199993133545
2,3659999370575
2,26200008392334
2,30100011825562
2,25399994850159
2,20499992370605
2,26799988746643
2,24600005149841
2,30200004577637
2,30999994277954
2,56100010871887
2,63000011444092
2,75500011444092
2,74200010299683
2,71700000762939
2,66199994087219
2,68899989128113
2,67700004577637
2,68400001525879
2,68300008773804
2,73000001907349
2,70600008964539
2,66100001335144
2,66499996185303
2,65100002288818
2,63899993896484
2,64299988746643
2,6470000743866
2,61100006103516
2,60700011253357
2,59100008010864
2,52999997138977
2,48000001907349
2,40499997138977
2,34699988365173
2,36700010299683
2,41799998283386
2,34200000762939
2,27900004386902
2,21900010108948
2,15700006484985
2,14000010490417
2,15300011634827
2,09899997711182
2,10999989509583
2,07800006866455
2,11700010299683
2,1029999256134
2,125
2,12899994850159
2,09400010108948
2,07500004768372
2,04299998283386
2,08200001716614
2,14000010490417
2,09500002861023
2,00399994850159
1,932000041008
1,90900003910065
1,96399998664856
2,01999998092651
2,15000009536743
2,26699995994568
2,36800003051758
2,76200008392334
3,2590000629425
3,65700006484985
3,87299990653992
4,18800020217896
4,45499992370605
4,82299995422363
4,89300012588501
5,07600021362305
5,15999984741211
5,21400022506714
5,26000022888184
5,30999994277954
5,33900022506714
5,34600019454956
5,34299993515015
5,33900022506714
5,27199983596802
5,2039999961853
5,15899991989136
5,13700008392334
5,06099987030029
4,98299980163574
5,01700019836426
5,13100004196167
5,19700002670288
5,19099998474121
5,25699996948242
5,47599983215332
5,55399990081787
5,57399988174438
5,5789999961853
5,63399982452393
5,53999996185303
5,48899984359741
5,50400018692017
5,40199995040894
5,44700002670288
5,30100011825562
5,14699983596802
4,93499994277954
4,77699995040894
4,76000022888184
4,72599983215332
4,45499992370605
3,9210000038147
3,65700006484985
3,54500007629395
3,43799996376038
3,37800002098084
3,27600002288818
3,24300003051758
3,16300010681152
3,10899996757507
3,15499997138977
3,1010000705719
3,03399991989136
3,09299993515015
3,01300001144409
2,96300005912781
2,91499996185303
2,84299993515015
2,82599997520447
2,75799989700317
2,70799994468689
2,63499999046326
2,59599995613098
2,60899996757507
2,32800006866455
2,29800009727478
2,29299998283386
2,23200011253357
2,1489999294281
2,11500000953674
2,08999991416931
2,06200003623962
2,06800007820129
2,02800011634827
2,04699993133545
2,06299996376038
2,09500002861023
2,04500007629395
2,01600003242493
2,00200009346008
1,99899995326996
1,97699999809265
1,9889999628067
1,96899998188019
1,8400000333786
1,85800004005432
1,86199998855591
1,86800003051758
1,97899997234344
2,05999994277954
2,32100009918213
2,37800002098084
2,72900009155273
3,12100005149841
3,50600004196167
3,86800003051758
4,11199998855591
4,45900011062622
4,7020001411438
4,84800004959106
4,94600009918213
4,94399976730347
5,14300012588501
5,1729998588562
5,16499996185303
5,23899984359741
5,31699991226196
5,32800006866455
5,36399984359741
5,25
5,11100006103516
4,94799995422363
4,90100002288818
4,89400005340576
4,75099992752075
4,83400011062622
4,91800022125244
5,03700017929077
5,19299983978271
5,30100011825562
5,45499992370605
5,50400018692017
5,59100008010864
5,49300003051758
5,65199995040894
5,49200010299683
5,41400003433228
5,24900007247925
5,30399990081787
5,25500011444092
5,13899993896484
5,01999998092651
4,77699995040894
4,62900018692017
4,73199987411499
4,4980001449585
4,05600023269653
3,86899995803833
3,66300010681152
3,55299997329712
3,48900008201599
3,3050000667572
3,27500009536743
3,22399997711182
3,19600009918213
3,1029999256134
3,06399989128113
3,07699990272522
3,01699995994568
3,06200003623962
3,09800004959106
3,05200004577637
2,95799994468689
2,91400003433228
2,83699989318848
2,76399993896484
2,80399990081787
2,70000004768372
2,7279999256134
2,63199996948242
2,33100008964539
2,27800011634827
2,25200009346008
2,23900008201599
2,12800002098084
2,09500002861023
2,09599995613098
2,02500009536743
2,02699995040894
2,02900004386902
2,09200000762939
2,08599996566772
2,0550000667572
2,02600002288818
2,02699995040894
1,97500002384186
1,92599999904633
1,98000001907349
1,98099994659424
1,89699995517731
1,76400005817413
1,76800000667572
1,7849999666214
1,86199998855591
1,84700000286102
2,00600004196167
2,14400005340576
2,32999992370605
2,71399998664856
3,02900004386902
3,34899997711182
3,45499992370605
3,9449999332428
4,27500009536743
4,58799982070923
4,74700021743774
4,80900001525879
5,0019998550415
5,19199991226196
5,24700021743774
5,27899980545044
5,24700021743774
5,29199981689453
5,27799987792969
5,09899997711182
5,21999979019165
5,02600002288818
5,0019998550415
4,92999982833862
4,93300008773804
4,85400009155273
4,86399984359741
4,92500019073486
5,05999994277954
5,19000005722046
5,37900018692017
5,43499994277954
5,38800001144409
5,41099977493286
5,3769998550415
5,41900014877319
5,36800003051758
5,41499996185303
5,33699989318848
5,19999980926514
5,19199991226196
5,09200000762939
4,99700021743774
4,74100017547607
4,55999994277954
4,52199983596802
4,47499990463257
4,07000017166138
3,77699995040894
3,57100009918213
3,48499989509583
3,35700011253357
3,23699998855591
3,20600008964539
3,1340000629425
3,1010000705719
3,06200003623962
3,05399990081787
3,00600004196167
3,01399993896484
2,93899989128113
2,98600006103516
2,91300010681152
2,92799997329712
2,79500007629395
2,86299991607666
2,81200003623962
2,74699997901917
2,77099990844727
2,69899988174438
2,62700009346008
2,37700009346008
2,33400011062622
2,31599998474121
2,26699995994568
2,15100002288818
2,125
2,15700006484985
2,13299989700317
2,12100005149841
2,13199996948242
2,10199999809265
2,1489999294281
2,16300010681152
2,17700004577637
2,10199999809265
2,09500002861023
2,05599999427795
2,05999994277954
2,05100011825562
2,02999997138977
1,85899996757507
1,86899995803833
1,91199994087219
1,89999997615814
1,96899998188019
2,17300009727478
2,25699996948242
2,48099994659424
2,72399997711182
3,34200000762939
3,63100004196167
3,99200010299683
4,22200012207031
4,54899978637695
4,76700019836426
4,93400001525879
5,13899993896484
5,17899990081787
5,35099983215332
5,25600004196167
5,31400012969971
5,23799991607666
5,31500005722046
5,31699991226196
5,4060001373291
5,36100006103516
5,29300022125244
5,2810001373291
5,21199989318848
5,21299982070923
5,15700006484985
5,19299983978271
5,25600004196167
5,26300001144409
5,27099990844727
5,38700008392334
5,48899984359741
5,63399982452393
5,75
5,75799989700317
5,76599979400635
5,7960000038147
5,64400005340576
5,65199995040894
5,46099996566772
5,47900009155273
5,42999982833862
5,17600011825562
4,95300006866455
4,81699991226196
4,80800008773804
4,73000001907349
4,40199995040894
4,00299978256226
3,8289999961853
3,58400011062622
3,42600011825562
3,39599990844727
3,25999999046326
3,30999994277954
3,14400005340576
3,17199993133545
3,14499998092651
3,14000010490417
3,20700001716614
3,08899998664856
3,11500000953674
3,0699999332428
3,11999988555908
2,90700006484985
2,91700005531311
2,84899997711182
2,76999998092651
2,78099989891052
2,69400000572205
2,65599989891052
2,45600008964539
2,40700006484985
2,34800004959106
2,29699993133545
2,26200008392334
2,26699995994568
2,23600006103516
2,20799994468689
2,14100003242493
2,16799998283386
2,14800000190735
2,16599988937378
2,17899990081787
2,21099996566772
2,11400008201599
2,14800000190735
2,13199996948242
2,11899995803833
2,07999992370605
2,10400009155273
2,01099991798401
1,96800005435944
1,89999997615814
1,99800002574921
2,13700008392334
2,19700002670288
2,28800010681152
2,40499997138977
2,66700005531311
2,97900009155273
3,53099989891052
3,77900004386902
3,97300004959106
4,35500001907349
4,40999984741211
4,9119999408722
5,1269998550415
5,17750000953674
5,31399989128113
5,23049998283386
4,96400022506714
5,05999994277954
5,07100009918213
4,99499988555908
5,00600004196167
4,95100021362305
4,90999984741211
4,74599981307983
4,81099987030029
4,73600006103516
4,63600015640259
4,63700008392334
4,74100017547607
4,72399997711182
4,85300016403198
4,90500020980835
4,99900007247925
5,07499980926514
5,09899997711182
5,05800008773804
5,1085000038147
5,15899991989136
4,98999977111816
5,04300022125244
4,92500019073486
4,90100002288818
4,73999977111816
4,56300020217896
4,42000007629395
4,31099987030029
4,08300018310547
4,14799976348877
4,07200002670288
3,65300011634827
3,51399993896484
3,33599996566772
3,16000008583069
3,17199993133545
3,12199997901917
3,13199996948242
3,16599988937378
3,05800008773804
3,04699993133545
3,01799988746643
2,97900009155273
3,00200009346008
3,0220000743866
3,01600003242493
2,95600008964539
2,88199996948242
2,81900000572205
2,79099988937378
2,80900001525879
2,7409999370575
2,68899989128113
2,61899995803833
2,48900008201599
2,47399997711182
2,37100005149841
2,32599997520447
2,28299999237061
2,27999997138977
2,19799995422363
2,20000004768372
2,18400001525879
2,23099994659424
2,21099996566772
2,22900009155273
2,21099996566772
2,25300002098084
2,19099998474121
2,19000005722046
2,11999988555908
2,10700011253357
2,17300009727478
2,20099997520447
2,00500011444092
1,98800003528595
1,99199998378754
2,01600003242493
2,125
2,28699994087219
2,37599992752075
2,54099988937378
2,75099992752075
3,06699991226196
3,59200000762939
3,80699992179871
4,15799999237061
4,3270001411438
4,8270001411438
4,8899998664856
5,11499977111816
5,17600011825562
5,27699995040894
5,20499992370605
5,42999982833862
5,34299993515015
5,4210000038147
5,40000009536743
5,44799995422363
5,38700008392334
5,31400012969971
5,31500005722046
5,35699987411499
5,26300001144409
5,12799978256226
5,13600015640259
5,26700019836426
5,37900018692017
5,38000011444092
5,42799997329712
5,51700019836426
5,6269998550415
5,64099979400635
5,7519998550415
5,61899995803833
5,56400012969971
5,57800006866455
5,5770001411438
5,56899976730347
5,34899997711182
5,29500007629395
5,15700006484985
4,97499990463257
4,79500007629395
4,6560001373291
4,56799983978271
4,53800010681152
4,11499977111816
3,95799994468689
3,73699998855591
3,5239999294281
3,42000007629395
3,32399988174438
3,2960000038147
3,24699997901917
3,24399995803833
3,18099999427795
3,18099999427795
3,1340000629425
3,23399996757507
3,22699999809265
3,21799993515015
3,09500002861023
3,04399991035461
3,06200003623962
3,05999994277954
2,92199993133545
2,88100004196167
2,83400011062622
2,81699991226196
2,4779999256134
2,38499999046326
2,35700011253357
2,31500005722046
2,18400001525879
2,1470000743866
2,1029999256134
2,06399989128113
2,05999994277954
2,15100002288818
2,07299995422363
2,1340000629425
2,13100004196167
2,19799995422363
2,20900011062622
2,17199993133545
2,21600008010864
2,18499994277954
2,13000011444092
2,16899991035461
2,06900000572205
2,01900005340576
1,93400001525879
1,97500002384186
2,12299990653992
2,16000008583069
2,2590000629425
2,39100003242493
2,61400008201599
2,96499991416931
3,24499988555908
3,43700003623962
3,62400007247925
3,78399991989136
4,09899997711182
4,27500009536743
4,35300016403198
4,40000009536743
4,57800006866455
4,4980001449585
4,58400011062622
4,71500015258789
4,7350001335144
4,68100023269653
4,74100017547607
4,69700002670288
4,60900020599365
4,69199991226196
4,43699979782104
4,38500022888184
4,29099988937378
4,27799987792969
4,34299993515015
4,41499996185303
4,56799983978271
4,63100004196167
4,63299989700317
4,6729998588562
4,71600008010864
4,67899990081787
4,73400020599365
4,74900007247925
4,65299987792969
4,69600009918213
4,65399980545044
4,5019998550415
4,36999988555908
4,29899978637695
4,05000019073486
3,95000004768372
3,78800010681152
3,84100008010864
3,71900010108948
3,55200004577637
3,51900005340576
3,42300009727478
3,24499988555908
3,23600006103516
3,16000008583069
3,17000007629395
3,07500004768372
3,0550000667572
3,07800006866455
2,99900007247925
2,9909999370575
3,05200004577637
3,09400010108948
3,08899998664856
3,06800007820129
2,99200010299683
2,98300004005432
2,93799996376038
2,90000009536743
2,83899998664856
2,79999995231628
2,8050000667572
2,4449999332428
2,41199994087219
2,32599997520447
2,29200005531311
2,22499990463257
2,23699998855591
2,25999999046326
2,23300004005432
2,22399997711182
2,23399996757507
2,19600009918213
2,30200004577637
2,2720000743866
2,24900007247925
2,20099997520447
2,20900011062622
2,17199993133545
2,1489999294281
2,1800000667572
2,18700003623962
2,10700011253357
2,03500008583069
2
2,03299999237061
2,0699999332428
2,16400003433228
2,2409999370575
2,40799999237061
2,68499994277954
2,90199995040894
3,23200011253357
3,38899993896484
3,71600008010864
3,89000010490417
4,14699983596802
4,29500007629395
4,39599990844727
4,38299989700317
4,4539999961853
4,52600002288818
4,57600021362305
4,56300020217896
4,58500003814697
4,68900012969971
4,64599990844727
4,63500022888184
4,6100001335144
4,55399990081787
4,49300003051758
4,32600021362305
4,39499998092651
4,44999980926514
4,46099996566772
4,42700004577637
4,4520001411438
4,48799991607666
4,65000009536743
4,57499980926514
4,49900007247925
4,56799983978271
4,5149998664856
4,54149985313416
4,56799983978271
4,42999982833862
4,4210000038147
4,35099983215332
4,25699996948242
4,17399978637695
4,05600023269653
3,82299995422363
3,71199989318848
3,59699988365173
3,66499996185303
3,60800004005432
3,52600002288818
3,36899995803833
3,31599998474121
3,22000002861023
3,18400001525879
3,1470000743866
3,09400010108948
3,11899995803833
3,1029999256134
3,16400003433228
3,13199996948242
3,03500008583069
2,94799995422363
3,02800011634827
3,02699995040894
2,91400003433228
2,84899997711182
2,80800008773804
2,79500007629395
2,69799995422363
2,7279999256134
2,67799997329712
2,41300010681152
2,26600003242493
2,12299990653992
2,12199997901917
2,04399991035461
2,00399994850159
1,97500002384186
1,932000041008
1,96899998188019
1,95099997520447
1,96599996089935
1,91799998283386
1,97200000286102
2,05599999427795
2,0550000667572
2,06399989128113
2,07599997520447
2,03900003433228
2,01399993896484
2,03999996185303
2,01300001144409
1,92799997329712
1,89400005340576
1,91799998283386
1,9539999961853
2,07100009918213
2,1470000743866
2,21199989318848
2,39199995994568
2,81500005722046
3,06299996376038
3,25200009346008
3,5
3,79500007629395
3,96300005912781
4,16300010681152
4,39200019836426
4,32299995422363
4,41599988937378
4,51000022888184
4,48799991607666
4,43699979782104
4,53900003433228
4,5479998588562
4,55000019073486
4,45100021362305
4,41699981689453
4,5019998550415
4,34600019454956
4,27500009536743
4,32399988174438
4,4210000038147
4,45900011062622
4,4539999961853
4,57600021362305
4,64300012588501
4,71099996566772
4,80200004577637
4,93300008773804
4,8769998550415
4,82499980926514
4,80299997329712
4,72700023651123
4,72700023651123
4,55200004577637
4,52400016784668
4,48699998855591
4,30900001525879
4,16800022125244
4,00899982452393
3,96700000762939
3,80999994277954
3,67700004577637
3,51399993896484
3,48900008201599
3,37700009346008
3,24600005149841
3,16100001335144
3,05299997329712
3,07100009918213
3,01900005340576
3,01699995994568
3,03099989891052
2,99499988555908
2,99300003051758
2,93499994277954
2,92199993133545
2,94700002670288
2,95900011062622
2,85199999809265
2,80399990081787
2,73200011253357
2,69300007820129
2,6489999294281
2,54900002479553
2,55999994277954
2,18899989128113
2,17000007629395
2,12100005149841
2,07599997520447
2,04299998283386
2,03099989891052
2,02999997138977
2,02500009536743
2,00600004196167
1,97300004959106
1,98399996757507
1,96200001239777
1,95799994468689
1,97399997711182
1,98699998855591
1,942999958992
2
1,93799996376038
2,02699995040894
2,02699995040894
1,96700000762939
1,91100001335144
1,89199995994568
1,9099999666214
1,94200003147125
2,12199997901917
2,18499994277954
2,36400008201599
2,59100008010864
2,89800000190735
3,45099997520447
3,63000011444092
3,86199998855591
4,21600008010864
4,28999996185303
4,53200006484985
4,53000020980835
4,68699979782104
4,80100011825562
4,875
4,75899982452393
4,74700021743774
4,77199983596802
4,78499984741211
4,78700017929077
4,7649998664856
4,74499988555908
4,77299976348877
4,61700010299683
4,56899976730347
4,69000005722046
4,67199993133545
4,79300022125244
4,80499982833862
4,88199996948242
4,94799995422363
5,08500003814697
5,1230001449585
5,33500003814697
5,26599979400635
5,38500022888184
5,2020001411438
5,05999994277954
5,09200000762939
5,05999994277954
4,99599981307983
5,00400018692017
4,89200019836426
4,59899997711182
4,41699981689453
4,28299999237061
4,16900014877319
4,07999992370605
3,66000008583069
3,44300007820129
3,35199999809265
3,17300009727478
3,11500000953674
3,1010000705719
3,08200001716614
3,04800009727478
2,99799990653992
2,98399996757507
2,98300004005432
2,96099996566772
2,94600009918213
2,91400003433228
2,90199995040894
2,85400009155273
2,86100006103516
2,74900007247925
2,73300004005432
2,71700000762939
2,64499998092651
2,57699990272522
2,51399993896484
1,98699998855591
1,96599996089935
1,90199995040894
1,86699998378754
1,83399999141693
1,85099995136261
1,87800002098083
1,80400002002716
1,79499995708466
1,75800001621246
1,80499994754791
1,78199994564056
1,74699997901917
1,78299999237061
1,80099999904633
1,79200005531311
1,77199995517731
1,76600003242493
1,74100005626678
1,7940000295639
1,77499997615814
1,65900003910065
1,72899997234344
1,70500004291534
1,82099997997284
1,83899998664856
1,96899998188019
2,08599996566772
2,25600004196167
2,64100003242493
3,13499999046326
3,28699994087219
3,74600005149841
3,87899994850159
4,10799980163574
4,24100017547607
4,43699979782104
4,52299976348877
4,47900009155273
4,57800006866455
4,59200000762939
4,64799976348877
4,68499994277954
4,77600002288818
4,69399976730347
4,76100015640259
4,78200006484985
4,76999998092651
4,81400012969971
4,67199993133545
4,79899978637695
4,78800010681152
4,70300006866455
4,87099981307983
4,9980001449585
4,99499988555908
5,1710000038147
5,27500009536743
5,30600023269653
5,19500017166138
5,14900016784668
5,11499977111816
5,2020001411438
5,10500001907349
5,02199983596802
4,81400012969971
4,80900001525879
4,73799991607666
4,62099981307983
4,48400020599365
4,31050014495849
4,13700008392334
4,02699995040894
3,88899993896484
3,75200009346008
3,41100001335144
3,1710000038147
3,09500002861023
3,03600001335144
2,97000002861023
2,92000007629395
2,90199995040894
2,86199998855591
2,94899988174438
2,92000007629395
2,95799994468689
2,95099997520447
2,93199992179871
2,99200010299683
2,84299993515015
2,89800000190735
2,78600001335144
2,75699996948242
2,71499991416931
2,64400005340576
2,61500000953674
2,40100002288818
2,39599990844727
2,3199999332428
2,25500011444092
2,24699997901917
2,21099996566772
2,2279999256134
2,15499997138977
2,08800005912781
2,08299994468689
2,04800009727478
2,05599999427795
2,09999990463257
2,08899998664856
2,04099988937378
2,0550000667572
2,08800005912781
2,01200008392334
2,01799988746643
2,02300000190735
2,03900003433228
1,91700005531311
1,87399995326996
1,92299997806549
1,99699997901917
2,08299994468689
2,28999996185303
2,3970000743866
2,62199997901917
2,93700003623962
3,4539999961853
3,56149995326995
3,96150004863739
4,18900001049042
4,36549997329712
4,58950018882751
4,80299997329711
4,8494999408722
4,84949994087219
4,99300003051758
5,29699993133545
5,26700019836426
5,2979998588562
5,28299983342489
5,26799980799357
5,25299978256226
5,22900009155273
5,17799997329712
5,06899976730347
5,02699995040894
5,04199981689453
5,07399988174438
5,05399990081787
5,19899988174438
5,22900009155273
5,46299982070923
5,52699995040894
5,59100008010864
5,63000011444092
5,58699989318848
5,62450003623962
5,66200017929077
5,60800004005432
5,55399990081787
5,45699977874756
5,40199995040894
5,25400018692017
5,2039999961853
5,07800006866455
4,7810001373291
4,53499984741211
4,42600011825562
4,17199993133545
3,95300006866455
3,63899993896484
3,53999996185303
3,37400007247925
3,19099998474121
3,11500000953674
3,10599994659424
3,06900000572205
3,06399989128113
3,00300002098084
3,01900005340576
3,00200009346008
3,06100010871887
3,02999997138977
3,06500005722046
2,99300003051758
2,96000003814697
2,89400005340576
2,8970000743866
2,81200003623962
2,86800003051758
2,80800008773804
2,78699994087219
2,5460000038147
2,4779999256134
2,47399997711182
2,46000003814697
2,37400007247925
2,37400007247925
2,33400011062622
2,34100008010864
2,29099988937378
2,26399993896484
2,30299997329712
2,21399998664856
2,24600005149841
2,1949999332428
2,24300003051758
2,17799997329712
2,13100004196167
2,16100001335144
2,19000005722046
2,17600011825562
2,13599991798401
2,1340000629425
2,05699992179871
2,08800005912781
2,16799998283386
2,25999999046326
2,32100009918213
2,41499996185303
2,62400007247925
3,11100006103516
3,38000011444092
3,83599996566772
4,17700004577637
4,49900007247925
4,6230001449585
4,93800020217896
5,16900014877319
5,17600011825562
5,21999979019165
5,40799999237061
5,45800018310547
5,4980001449585
5,49599981307983
5,49300003051758
5,51700019836426
5,43800020217896
5,39400005340576
5,31899976730347
5,05900001525879
4,93200016021729
4,96199989318848
5,00400018692017
5,01200008392334
4,91300010681152
5,04899978637695
5,21600008010864
5,35500001907349
5,48199987411499
5,44000005722046
5,50400018692017
5,49100017547607
5,39400005340576
5,42999982833862
5,37799978256226
5,30700016021729
5,33799982070923
5,21700000762939
5,08099985122681
4,8769998550415
4,73699998855591
4,44500017166138
4,34200000762939
3,95099997520447
3,57299995422363
3,41799998283386
3,2039999961853
3,15199995040894
3,02600002288818
3,00699996948242
3,08500003814697
2,99699997901917
2,97199988365173
2,98699998855591
3,0239999294281
2,99200010299683
3,00500011444092
2,95099997520447
2,93099999427795
2,8050000667572
2,77099990844727
2,72699999809265
2,69099998474121
2,76600003242493
2,72000002861023
2,60700011253357
2,6340000629425
2,57100009918213
2,53800010681152
2,50300002098084
2,44600009918213
2,42400002479553
2,39299988746643
2,39299988746643
2,33899998664856
2,33999991416931
2,28600001335144
2,25999999046326
2,30399990081787
2,27300000190735
2,27999997138977
2,29200005531311
2,29500007629395
2,29999995231628
2,24600005149841
2,16700005531311
2,15100002288818
2,16899991035461
2,15199995040894
2,06800007820129
2,09899997711182
2,23799991607666
2,25099992752075
2,56599998474121
2,54200005531311
2,85599994659424
3,17000007629395
3,57699990272522
3,99699997901917
4,38700008392334
4,69600009918213
4,93699979782104
5,07600021362305
5,26200008392334
5,34999990463257
5,42700004577637
5,52500009536743
5,61499977111816
5,69799995422363
5,73799991607666
5,71799993515015
5,78000020980835
5,65399980545044
5,69600009918213
5,66400003433228
5,58699989318848
5,50299978256226
5,53200006484985
5,6100001335144
5,56599998474121
5,75899982452393
5,78299999237061
5,85599994659424
5,95800018310547
6,03700017929077
6,13000011444092
6,13500022888184
5,85400009155273
5,91200017929077
5,80000019073486
5,64200019836426
5,52799987792969
5,65399980545044
5,52199983596802
5,37900018692017
5,15500020980835
4,86499977111816
4,75299978256226
4,60799980163574
4,50299978256226
3,93400001525879
3,73499989509583
3,61400008201599
3,52300000190735
3,40100002288818
3,37400007247925
3,29800009727478
3,2720000743866
3,26999998092651
3,20499992370605
3,1800000667572
3,21300005912781
3,24399995803833
3,18799996376038
3,2039999961853
3,11299991607666
3,21099996566772
3,05999994277954
3,04800009727478
2,95499992370605
2,89299988746643
2,8050000667572
2,8199999332428
2,55699992179871
2,47300004959106
2,45850002765656
2,44400000572205
2,37800002098084
2,35999989509583
2,34500002861023
2,33599996566772
2,32500004768372
2,21499991416931
2,2590000629425
2,22699999809265
2,27999997138977
2,21199989318848
2,21000003814697
2,15300011634827
2,18400001525879
2,14800000190735
2,14499998092651
2,14599990844727
2,20600008964539
2,1800000667572
2,09500002861023
2,05299997329712
2,00399994850159
2,03999996185303
2,03900003433228
2,04800009727478
2,11700010299683
2,13199996948242
2,13700008392334
2,23099994659424
2,26600003242493
2,31800007820129
2,29699993133545
2,47699999809265
2,40000009536743
2,46300005912781
2,52900004386902
2,46000003814697
2,44899988174438
2,44300007820129
2,41400003433228
2,44799995422363
2,48799991607666
2,47199988365173
2,43799996376038
2,50399994850159
2,42899990081787
2,50600004196167
2,41199994087219
2,4539999961853
2,3199999332428
2,38499999046326
2,43600010871887
2,48200011253357
2,49000000953674
2,53800010681152
2,47499990463257
2,53299999237061
2,42400002479553
2,40799999237061
2,37400007247925
2,35800004005432
2,42700004577637
2,41400003433228
2,41199994087219
2,43499994277954
2,44899988174438
2,47300004959106
2,49799990653992
2,57100009918213
2,68300008773804
2,7409999370575
2,7260000705719
2,75099992752075
2,77500009536743
2,68199992179871
2,63499999046326
2,65400004386902
2,70600008964539
2,66899991035461
2,66400003433228
2,65799999237061
2,63100004196167
2,63499999046326
2,68400001525879
2,60599994659424
2,58999991416931
2,56100010871887
2,54099988937378
2,57299995422363
2,47399997711182
2,46000003814697
2,48000001907349
2,4300000667572
2,68799996376038
2,59100008010864
2,55900001525879
2,55100011825562
2,48799991607666
2,43799996376038
2,42000007629395
2,37800002098084
2,34699988365173
2,34500002861023
2,38199996948242
2,33699989318848
2,23099994659424
2,27800011634827
2,23799991607666
2,15000009536743
2,12199997901917
2,10199999809265
2,09500002861023
2,06800007820129
2,06900000572205
2,03699994087219
1,98099994659424
1,97000002861023
1,96399998664856
2,09699988365173
2,28299999237061
2,3050000667572
2,4449999332428
2,87599992752075
3,21300005912781
3,72199988365173
3,97900009155273
4,30000019073486
4,48799991607666
4,72399997711182
4,91099977493286
5,01200008392334
5,08199977874756
5,10200023651123
5,125
5,25
5,33099985122681
5,32499980926514
5,20900011062622
5,11100006103516
4,81799983978271
4,68200016021729
4,61399984359741
4,49300003051758
4,58099985122681
4,55700016021729
4,64799976348877
4,74700021743774
4,78000020980835
4,97100019454956
5,08400011062622
5,18300008773804
5,25899982452393
5,37400007247925
5,43900012969971
5,44299983978271
5,46600008010864
5,53599977493286
5,36399984359741
5,47300004959106
5,35500001907349
5,28200006484985
5,07100009918213
4,89900016784668
4,5770001411438
4,52099990844727
4,32800006866455
4,01800012588501
3,76600003242493
3,62700009346008
3,5220000743866
3,29299998283386
3,31200003623962
3,27300000190735
3,20499992370605
3,06599998474121
3,1470000743866
3,12100005149841
3,17799997329712
3,13199996948242
3,04900002479553
3,04900002479553
3,05800008773804
3,01699995994568
2,91599988937378
2,8529999256134
2,73399996757507
2,7039999961853
2,71900010108948
2,67400002479553
2,98200011253357
2,98799991607666
2,87700009346008
2,81800007820129
2,66100001335144
2,64599990844727
2,58999991416931
2,50999999046326
2,45699989795684
2,44500005245209
2,46000003814697
2,46399998664856
2,56100010871887
2,54900002479553
2,5699999332428
2,5239999294281
2,51500010490417
2,43700003623962
2,46199989318848
2,47499990463257
2,45900011062622
2,45600008964539
2,40300011634827
2,46700000762939
2,49699997901917
2,59899997711182
2,64400005340576
2,81900000572205
3,00600004196167
3,43099999427795
3,87899994850159
4,24300003051758
4,63899993896484
4,98299980163574
5,16800022125244
5,4539999961853
5,69099998474121
5,70599985122681
5,76300001144409
5,86199998855591
5,90500020980835
5,96099996566772
5,97700023651123
6,08500003814697
5,96799993515015
5,9520001411438
5,875
5,77400016784668
5,78700017929077
5,73299980163574
5,79099988937378
5,84899997711182
5,93400001525879
5,94399976730347
6,03700017929077
6,09499979019165
6,13800001144409
6,19000005722046
6,2960000038147
6,24300003051758
6,21700000762939
6,30299997329712
6,29400014877319
6,24399995803833
6,20800018310547
6,13399982452393
5,98000001907349
5,75500011444092
5,49100017547607
5,29899978637695
4,96999979019165
4,92799997329712
4,84600019454956
4,54199981689453
4,22599983215332
4,05499982833862
3,87400007247925
3,74399995803833
3,69199991226196
3,62199997901917
3,5789999961853
3,59500002861023
3,59999990463257
3,54900002479553
3,65700006484985
3,61899995803833
3,55699992179871
3,51799988746643
3,46099996566772
3,42199993133545
3,37199997901917
3,32599997520447
3,32399988174438
3,22699999809265
3,13899993896484
3,06900000572205
2,90000009536743
2,86199998855591
2,75
2,71099996566772
2,69899988174438
2,66899991035461
2,66599988937378
2,64199995994568
2,56699991226196
2,54500007629395
2,53800010681152
2,59100008010864
2,55800008773804
2,50399994850159
2,50699996948242
2,49499988555908
2,48600006103516
2,44899988174438
2,45600008964539
2,47900009155273
2,44400000572205
2,39199995994568
2,29699993133545
2,30900001525879
2,41799998283386
2,6340000629425
2,71499991416931
2,86500000953674
3,35199999809265
3,78699994087219
4,15899991989136
4,49900007247925
4,75
5,07499980926514
5,26399993896484
5,53000020980835
5,78800010681152
5,76000022888184
5,9229998588562
6,01900005340576
6,03000020980835
6,03599977493286
6,02899980545044
6,01999998092651
6,24499988555908
6,1560001373291
6,03599977493286
5,96999979019165
5,99499988555908
5,88100004196167
5,86700010299683
5,83400011062622
5,84299993515015
5,92700004577637
6,06500005722046
6,18699979782104
6,23899984359741
6,30399990081787
6,39699983596802
6,38299989700317
6,43100023269653
6,4520001411438
6,40399980545044
6,40299987792969
6,34200000762939
6,21299982070923
6,13600015640259
6,01599979400635
5,82499980926514
5,49700021743774
5,36600017547607
5,14099979400635
4,84000015258789
4,44999980926514
4,28700017929077
4,05900001525879
3,86899995803833
3,76099991798401
3,62800002098084
3,57200002670288
3,52999997138977
3,47499990463257
3,47000002861023
3,53800010681152
3,53900003433228
3,41300010681152
3,41599988937378
3,46799993515015
3,35800004005432
3,2960000038147
3,25500011444092
3,26699995994568
3,17000007629395
3,13599991798401
3,1010000705719
3,04699993133545
2,88700008392334
2,75200009346008
2,67700004577637
2,64400005340576
2,61100006103516
2,56299996376038
2,51999998092651
2,50500011444092
2,48300004005432
2,47699999809265
2,48699998855591
2,45900011062622
2,49300003051758
2,47300004959106
2,51999998092651
2,48499989509583
2,46700000762939
2,44700002670288
2,41700005531311
2,3970000743866
2,41000008583069
2,38100004196167
2,33999991416931
2,3840000629425
2,38000011444092
2,51800000667572
2,65599989891052
2,68099999427795
3,19799995422363
3,60800004005432
4,0019998550415
4,33799982070923
4,59600019454956
5,01200008392334
5,19399976730347
5,42000007629395
5,49700021743774
5,78999996185303
5,88100004196167
5,88700008392334
6,01900005340576
6,04300022125244
6,02400016784668
6,02799987792969
6,02799987792969
6,11899995803833
6,1560001373291
5,95599985122681
6,02600002288818
5,8289999961853
6,05999994277954
5,86999988555908
5,88800001144409
5,95699977874756
6,03999996185303
6,09200000762939
6,27899980545044
6,24300003051758
6,19199991226196
6,28700017929077
6,27400016784668
6,25500011444092
6,1399998664856
6,02500009536743
6,125
5,99399995803833
5,85500001907349
5,84100008010864
5,57100009918213
5,29099988937378
4,95599985122681
4,97100019454956
4,80600023269653
4,43800020217896
4,125
3,95499992370605
3,83699989318848
3,73099994659424
3,55100011825562
3,53099989891052
3,48000001907349
3,42000007629395
3,42300009727478
3,45900011062622
3,37100005149841
3,44000005722046
3,47499990463257
3,36800003051758
3,26500010490417
3,30900001525879
3,21399998664856
3,17600011825562
3,1800000667572
3,1029999256134
3,01699995994568
3,02800011634827
2,93400001525879
2,80999994277954
2,76200008392334
2,67499995231628
2,65499997138977
2,62599992752075
2,59100008010864
2,52999997138977
2,51699995994568
2,51399993896484
2,48499989509583
2,46300005912781
2,51399993896484
2,46399998664856
2,47699999809265
2,4300000667572
2,42899990081787
2,41000008583069
2,41100001335144
2,42700004577637
2,375
2,33899998664856
2,32699990272522
2,33500003814697
2,35400009155273
2,48399996757507
2,58999991416931
2,74699997901917
3,33800005912781
3,85700011253357
4,05100011825562
4,34800004959106
4,69500017166138
5,0019998550415
5,22200012207031
5,47200012207031
5,51700019836426
5,61299991607666
5,7519998550415
5,81899976730347
5,88299989700317
6,01300001144409
6,01399993896484
6,18499994277954
6,01300001144409
5,97100019454956
6,04300022125244
5,85900020599365
5,82399988174438
5,69399976730347
5,73099994659424
5,83599996566772
5,79500007629395
5,94299983978271
6,09299993515015
6,19700002670288
6,23099994659424
6,18499994277954
6,31899976730347
6,30299997329712
6,31099987030029
6,17850017547607
6,1324999332428
6,06949996948242
6,1010000705719
5,99600005149841
5,81800007820129
5,68550014495849
5,49699997901917
5,27999997138977
5,05849981307984
5,03299999237061
4,64900016784668
4,38000011444092
4,10700011253357
3,9614999294281
3,82049989700318
3,7059999704361
3,58200001716614
3,50849997997284
3,45249998569489
3,42900002002717
3,42050004005432
3,46450006961823
3,40299999713898
3,4355000257492
3,41600000858307
3,36800003051758
3,2995001077652
3,31900000572205
3,22000002861023
3,17300009727479
3,13499999046326
3,08349990844727
3,04100000858307
2,99200010299683
2,58800005912781
2,57299995422363
2,4760000705719
2,45099997520447
2,42400002479553
2,42600011825562
2,39400005340576
2,36899995803833
2,31200003623962
2,31299996376038
2,27800011634827
2,30399990081787
2,33200001716614
2,32800006866455
2,32599997520447
2,34299993515015
2,25999999046326
2,20099997520447
2,17899990081787
2,16700005531311
2,18600010871887
2,10800004005432
2,07500004768372
2,06900000572205
2,16400003433228
2,31299996376038
2,49499988555908
2,56800007820129
2,92799997329712
3,42300009727478
3,68799996376038
3,95300006866455
4,2960000038147
4,54400014877319
5,14599990844727
5,375
5,52299976348877
5,56500005722046
5,63399982452393
5,74200010299683
5,70499992370605
5,78000020980835
5,79500007629395
5,85799980163574
5,8270001411438
5,81699991226196
5,82600021362305
5,75600004196167
5,72100019454956
5,63600015640259
5,59100008010864
5,60599994659424
5,67000007629395
5,82200002670288
5,90999984741211
6,03499984741211
6,14699983596802
6,19099998474121
6,13100004196167
6,16300010681152
6,06899976730347
6,02899980545044
6,16200017929077
6,05800008773804
5,93300008773804
5,83400011062622
5,75899982452393
5,67999982833862
5,34299993515015
5,19600009918213
5,07800006866455
4,94600009918213
4,7979998588562
4,44399976730347
4,16099977493286
4,09100008010864
3,84100008010864
3,66100001335144
3,56299996376038
3,59999990463257
3,49900007247925
3,51999998092651
3,45900011062622
3,48000001907349
3,42000007629395
3,29800009727478
3,34699988365173
3,31399989128113
3,3510000705719
3,21199989318848
3,14599990844727
3,16199994087219
3,1710000038147
3,07599997520447
3,0550000667572
2,95900011062622
2,72199988365173
2,6159999370575
2,59999990463257
2,5239999294281
2,53099989891052
2,52699995040894
2,48000001907349
2,46199989318848
2,4300000667572
2,45499992370605
2,43300008773804
2,37299990653992
2,41499996185303
2,3989999294281
2,40199995040894
2,40199995040894
2,41000008583069
2,28099989891052
2,25300002098084
2,26799988746643
2,21600008010864
2,17499995231628
2,12599992752075
2,17300009727478
2,25600004196167
2,58299994468689
2,6710000038147
2,6710000038147
3,10899996757507
3,62599992752075
3,95900011062622
4,23600006103516
4,55800008773804
4,81099987030029
5,17999982833862
5,38199996948242
5,54500007629395
5,5939998626709
5,72100019454956
5,80499982833862
5,95100021362305
5,83900022506714
5,94899988174438
5,95100021362305
5,94099998474121
5,60500001907349
5,2960000038147
5,27400016784668
5,28399991989136
5,28900003433228
5,39699983596802
5,49499988555908
5,46500015258789
5,62400007247925
5,72800016403198
5,80600023269653
5,93499994277954
6,03200006484985
6,18699979782104
6,17799997329712
6,16499996185303
6,17199993133545
6,19999980926514
6,24200010299683
6,06899976730347
5,89499998092651
5,78200006484985
5,68800020217896
5,34999990463257
5,32399988174438
5,0770001411438
4,86999988555908
4,51300001144409
4,26900005340576
3,97000002861023
3,71000003814697
3,58500003814697
3,46900010108948
3,32500004768372
3,2720000743866
3,21900010108948
3,182000041008
3,14499998092651
3,25500011444092
3,28900003433228
3,17499995231628
3,27300000190735
3,24499988555908
3,17899990081787
3,07399988174438
3,05399990081787
3,0239999294281
2,99449992179871
2,96499991416931
2,95700001716614
2,83699989318848
2,74699997901917
2,68099999427795
2,625
2,53699994087219
2,40599989891052
2,43899989128113
2,40300011634827
2,34699988365173
2,3989999294281
2,41400003433228
2,42700004577637
2,3659999370575
2,40799999237061
2,37899994850159
2,35800004005432
2,30699992179871
2,24300003051758
2,21600008010864
2,23000001907349
2,20199990272522
2,20000004768372
2,16499996185303
2,08200001716614
2,11299991607666
2,23499989509583
2,40599989891052
2,5
2,89499998092651
3,20199990272522
3,54800009727478
3,94600009918213
4,16300010681152
4,43699979782104
4,73799991607666
5,05399990081787
5,20599985122681
5,49499988555908
5,65999984741211
5,66400003433228
5,75600004196167
5,83799982070923
5,82600021362305
5,86800003051758
5,94600009918213
5,98099994659424
5,98999977111816
5,86499977111816
5,76700019836426
5,69299983978271
5,6710000038147
5,58900022506714
5,64400005340576
5,67799997329712
5,75799989700317
5,7810001373291
5,94999980926514
5,92500019073486
6,03700017929077
6,03000020980835
6,11800003051758
6,08799982070923
6,10200023651123
6,125
6,11399984359741
6,0770001411438
5,9980001449585
5,7810001373291
5,53000020980835
5,4229998588562
5,26900005340576
5,16099977493286
5,09499979019165
4,49200010299683
4,32200002670288
4,08900022506714
3,96799993515015
3,80399990081787
3,68099999427795
3,61299991607666
3,48600006103516
3,42499995231628
3,43799996376038
3,41799998283386
3,47000002861023
3,43499994277954
3,43099999427795
3,35700011253357
3,36800003051758
3,33400011062622
3,3289999961853
3,2260000705719
3,17000007629395
3,08999991416931
3,06399989128113
3,06500005722046
2,95600008964539
2,29900002479553
2,2960000038147
2,16799998283386
2,10199999809265
2,08800005912781
2,08200001716614
2,03999996185303
1,95899999141693
1,96200001239777
1,9559999704361
1,98300004005432
1,94900000095367
2,00699996948242
1,99199998378754
2,00699996948242
2,01999998092651
1,98699998855591
1,96300005912781
1,89300000667572
1,88499999046326
1,92499995231628
1,94900000095367
1,97200000286102
1,97099995613098
2,03800010681152
2,14599990844727
2,25200009346008
2,39400005340576
2,7720000743866
3,35199999809265
3,7720000743866
3,98300004005432
4,27899980545044
4,64599990844727
4,94799995422363
5,16599988937378
5,33500003814697
5,36700010299683
5,4060001373291
5,52199983596802
5,52500009536743
5,55999994277954
5,55900001525879
5,52699995040894
5,50899982452393
5,50500011444092
5,4850001335144
5,45900011062622
5,43699979782104
5,37599992752075
5,41300010681152
5,42700004577637
5,51999998092651
5,41900014877319
5,72499990463257
5,6729998588562
5,72800016403198
5,87799978256226
5,96199989318848
5,96000003814697
5,83699989318848
5,95100021362305
5,86399984359741
5,83199977874756
5,82000017166138
5,7020001411438
5,65000009536743
5,47100019454956
5,35200023651123
5,13600015640259
4,9689998626709
4,87200021743774
4,60599994659424
4,22300004959106
4,09000015258789
3,94799995422363
3,79800009727478
3,66300010681152
3,53699994087219
3,56100010871887
3,56200003623962
3,44300007820129
3,41599988937378
3,37899994850159
3,32399988174438
3,29900002479553
3,41899991035461
3,27999997138977
3,20000004768372
3,10400009155273
3,04699993133545
3,0090000629425
2,9779999256134
3,02699995040894
2,88299989700317
2,88100004196167
2,69700002670288
2,61899995803833
2,62700009346008
2,50999999046326
2,51200008392334
2,44899988174438
2,44099998474121
2,42000007629395
2,39299988746643
2,39000010490417
2,38000011444092
2,3659999370575
2,35400009155273
2,41199994087219
2,3989999294281
2,34699988365173
2,21499991416931
2,14199995994568
2,14499998092651
2,16499996185303
2,1949999332428
2,07599997520447
2,05399990081787
2,11400008201599
2,18199992179871
2,35899996757507
2,50600004196167
2,85899996757507
3,15499997138977
3,51099991798401
3,82800006866455
4,21500015258789
4,53000020980835
4,85599994659424
4,93100023269653
5,30200004577637
5,39699983596802
5,42799997329712
5,58900022506714
5,68800020217896
5,72399997711182
5,7020001411438
5,82499980926514
5,83300018310547
5,84800004959106
5,81599998474121
5,75299978256226
5,7979998588562
5,76700019836426
5,64400005340576
5,63100004196167
5,63899993896484
5,6710000038147
5,8439998626709
5,90399980545044
5,94799995422363
6,01700019836426
6,13399982452393
6,13100004196167
6,08599996566772
6,01999998092651
6,11999988555908
5,98899984359741
5,95100021362305
5,81300020217896
5,74399995803833
5,71799993515015
5,66300010681152
5,44399976730347
5,32999992370605
5,21299982070923
5,04500007629395
4,65299987792969
4,39400005340576
4,01999998092651
3,95000004768372
3,77699995040894
3,5239999294281
3,53399991989136
3,44099998474121
3,42300009727478
3,39299988746643
3,34699988365173
3,4210000038147
3,32299995422363
3,27500009536743
3,27600002288818
3,22300004959106
3,22699999809265
3,04699993133545
3,04500007629395
2,99499988555908
2,875
2,83100008964539
2,8050000667572
2,83100008964539
2,70700001716614
2,62400007247925
2,6010000705719
2,55599999427795
2,53099989891052
2,50699996948242
2,47499990463257
2,44700002670288
2,41400003433228
2,41899991035461
2,38599991798401
2,40799999237061
2,35500001907349
2,35800004005432
2,31900000572205
2,30100011825562
2,28500008583069
2,2720000743866
2,25300002098084
2,25099992752075
2,24300003051758
2,24600005149841
2,09999990463257
2,14499998092651
2,2260000705719
2,45099997520447
2,37899994850159
2,48499989509583
2,92600011825562
3,12100005149841
3,40100002288818
3,66300010681152
3,94400000572205
4,43499994277954
4,71500015258789
4,98000001907349
5,0479998588562
5,01399993896484
4,94399976730347
5,0479998588562
5,07499980926514
5,02899980545044
5,12599992752075
5,07600021362305
5,18900012969971
5,22900009155273
5,27099990844727
5,28000020980835
5,19199991226196
5,19999980926514
5,24700021743774
5,25899982452393
5,4210000038147
5,47900009155273
5,72499990463257
5,79899978637695
5,97100019454956
6,00799989700317
6,10900020599365
6,07800006866455
6,09000015258789
6,03900003433228
5,93200016021729
5,90500020980835
5,79400014877319
5,75899982452393
5,63500022888184
5,50500011444092
5,26999998092651
5,17600011825562
4,96199989318848
4,92700004577637
4,61299991607666
4,39400005340576
4,06199979782104
3,84500002861023
3,69300007820129
3,56500005722046
3,47099995613098
3,34100008010864
3,40300011634827
3,27099990844727
3,24000000953674
3,25849997997284
3,27699995040894
3,26099991798401
3,25300002098084
3,21499991416931
3,0090000629425
3,05699992179871
3,00300002098084
2,96499991416931
2,94199991226196
2,92499995231628
2,875
2,81200003623962
2,51500010490417
2,51200008392334
2,45199990272522
2,34100008010864
2,32599997520447
2,29699993133545
2,24200010299683
2,17300009727478
2,21300005912781
2,18400001525879
2,1340000629425
2,13499999046326
2,14299988746643
2,19799995422363
2,18899989128113
2,14100003242493
2,16300010681152
2,11700010299683
2,09999990463257
2,07699990272522
2,07100009918213
2,08100008964539
2,01399993896484
1,99800002574921
2,0789999961853
2,2409999370575
2,41700005531311
2,55999994277954
2,92600011825562
3,41599988937378
3,77800011634827
4,00899982452393
4,45300006866455
4,65799999237061
4,96400022506714
5,15399980545044
5,19999980926514
5,35200023651123
5,45300006866455
5,47599983215332
5,49200010299683
5,65100002288818
5,67399978637695
5,67000007629395
5,69799995422363
5,63800001144409
5,55000019073486
5,49200010299683
5,41200017929077
5,37599992752075
5,41900014877319
5,54699993133545
5,62200021743774
5,71299982070923
5,81199979782104
5,80000019073486
5,98299980163574
5,99499988555908
5,94999980926514
6,06300020217896
6,20800018310547
6,14900016784668
5,96500015258789
5,90700006484985
5,93400001525879
5,80100011825562
5,68100023269653
5,6100001335144
5,22700023651123
5,16599988937378
5,11700010299683
4,98199987411499
4,52799987792969
4,31199979782104
4,12200021743774
3,87100005149841
3,76999998092651
3,61899995803833
3,54900002479553
3,52099990844727
3,36400008201599
3,39800000190735
3,26699995994568
3,39299988746643
3,40799999237061
3,40799999237061
3,36899995803833
3,33200001716614
3,25200009346008
3,16700005531311
3,15499997138977
3,12700009346008
2,98799991607666
2,91400003433228
2,91499996185303
2,84100008010864
2,53999996185303
2,42000007629395
2,40599989891052
2,36500000953674
2,40899991989136
2,3289999961853
2,37100005149841
2,25
2,25799989700317
2,22199988365173
2,19400000572205
2,1949999332428
2,19099998474121
2,20900011062622
2,17899990081787
2,20600008964539
2,11299991607666
2,12199997901917
2,07699990272522
2,10400009155273
2,09200000762939
2,13299989700317
2,02300000190735
2,03299999237061
2,20799994468689
2,2960000038147
2,47399997711182
2,625
2,94300007820129
3,22499990463257
3,41499996185303
3,81500005722046
4,17700004577637
4,45599985122681
4,83099985122681
4,94299983978271
5,19799995422363
5,22800016403198
5,33599996566772
5,31899976730347
5,30800008773804
5,29699993133545
5,42700004577637
5,48799991607666
5,41900014877319
5,51800012588501
5,42000007629395
5,51700019836426
5,34100008010864
5,31799983978271
5,27799987792969
5,35400009155273
5,29899978637695
5,48099994659424
5,53399991989136
5,69799995422363
5,53800010681152
5,70300006866455
5,8769998550415
5,75699996948242
5,81300020217896
5,81199979782104
5,82499980926514
5,69000005722046
5,59000015258789
5,72100019454956
5,51800012588501
5,43300008773804
5,12099981307983
4,97599983215332
4,94600009918213
4,84499979019165
4,46600008010864
4,30000019073486
4,14599990844727
3,87199997901917
3,71600008010864
3,48099994659424
3,42300009727478
3,34599995613098
3,33699989318848
3,33599996566772
3,31599998474121
3,33500003814697
3,25999999046326
3,26399993896484
3,24000000953674
3,15899991989136
3,09299993515015
3,09299993515015
3,02699995040894
2,95900011062622
2,93099999427795
2,90199995040894
2,88700008392334
2,80299997329712
2,70900011062622
2,6470000743866
2,65499997138977
2,58699989318848
2,52600002288818
2,48300004005432
2,4539999961853
2,40499997138977
2,39599990844727
2,3840000629425
2,41799998283386
2,4300000667572
2,40899991989136
2,43899989128113
2,44400000572205
2,38899993896484
2,34100008010864
2,31900000572205
2,26399993896484
2,23600006103516
2,24200010299683
2,20199990272522
2,1340000629425
2,13000011444092
2,24300003051758
2,37700009346008
2,46799993515015
2,59100008010864
3,05900001525879
3,37199997901917
3,68400001525879
4,15399980545044
4,45300006866455
4,72399997711182
4,97499990463257
5,2810001373291
5,2810001373291
5,54400014877319
5,44199991226196
5,58099985122681
5,52500009536743
5,56300020217896
5,5310001373291
5,71600008010864
5,69099998474121
5,58300018310547
5,59200000762939
5,59200000762939
5,57499980926514
5,47100019454956
5,51399993896484
5,49399995803833
5,63700008392334
5,69099998474121
5,73600006103516
5,78999996185303
5,8899998664856
5,87799978256226
6,00799989700317
6,04199981689453
5,93800020217896
5,81300020217896
5,7480001449585
5,81300020217896
5,69099998474121
5,62599992752075
5,53000020980835
5,4229998588562
5,04899978637695
5,08599996566772
4,94000005722046
4,87200021743774
4,59100008010864
4,21099996566772
4,04300022125244
3,9300000667572
3,74300003051758
3,68400001525879
3,625
3,55399990081787
3,5090000629425
3,46499991416931
3,35999989509583
3,40799999237061
3,35800004005432
3,33599996566772
3,32699990272522
3,32500004768372
3,32699990272522
3,20799994468689
3,2039999961853
3,29800009727478
3,16799998283386
3,04399991035461
3,02699995040894
2,97000002861023
2,58999991416931
2,57500004768372
2,4909999370575
2,41899991035461
2,3529999256134
2,36400008201599
2,30200004577637
2,34100008010864
2,26300001144409
2,22000002861023
2,23399996757507
2,17000007629395
2,23699998855591
2,21499991416931
2,22399997711182
2,18499994277954
2,13000011444092
2,15199995040894
2,14400005340576
2,10999989509583
2,10400009155273
2,05800008773804
2,02099990844727
2,04999995231628
2,10899996757507
2,20600008964539
2,3840000629425
2,47499990463257
2,83599996566772
3,26799988746643
3,64299988746643
3,82599997520447
3,98699998855591
4,11700010299683
4,30100011825562
4,35300016403198
4,4229998588562
4,63899993896484
4,69099998474121
4,68699979782104
4,61499977111816
4,57499980926514
4,81699991226196
4,6230001449585
4,5789999961853
4,53299999237061
4,49399995803833
4,46500015258789
4,47300004959106
4,46999979019165
4,49700021743774
4,53000020980835
4,625
4,59100008010864
4,84200000762939
4,83599996566772
4,93300008773804
5,05800008773804
4,94099998474121
5
5,07200002670288
4,97900009155273
5,01000022888184
4,8899998664856
4,84499979019165
4,83400011062622
4,77500009536743
4,63600015640259
4,60799980163574
4,45800018310547
4,47399997711182
4,39300012588501
4,13500022888184
3,75399994850159
3,64400005340576
3,5
3,36800003051758
3,2720000743866
3,12199997901917
3,01500010490417
3,05599999427795
3,03900003433228
2,97699999809265
3,10599994659424
3,0699999332428
3,07299995422363
3,04299998283386
2,98099994659424
2,95199990272522
2,87100005149841
2,93400001525879
2,82800006866455
2,88100004196167
2,74499988555908
2,73000001907349
2,69600009918213